   0.0000000000000000        1.0000000000000000     
  0.19739209459560064        1.0000623418196273     
  0.39478418919120128        1.0001246875257570     
  0.59217628378680187        1.0001870371186314     
  0.78956837838240257        1.0002493905984930     
  0.98696047297800316        1.0003117479655841     
   1.1843525675736037        1.0003741092201468     
   1.3817446621692044        1.0004364743624234     
   1.5791367567648051        1.0004988433926567     
   1.7765288513604056        1.0005612163110886     
   1.9739209459560063        1.0006235931179619     
   2.1713130405516070        1.0006859738135185     
   2.3687051351472075        1.0007483583980017     
   2.5660972297428084        1.0008107468716534     
   2.7634893243384089        1.0008731392347159     
   2.9608814189340094        1.0009355354874319     
   3.1582735135296103        1.0009979356300438     
   3.3556656081252108        1.0010603396627942     
   3.5530577027208112        1.0011227475859255     
   3.7504497973164121        1.0011851593996803     
   3.9478418919120126        1.0012475751043011     
   4.1452339865076135        1.0013099947000303     
   4.3426260811032140        1.0013724181871111     
   4.5400181756988145        1.0014348455657853     
   4.7374102702944150        1.0014972768362960     
   4.9348023648900154        1.0015597119988857     
   5.1321944594856168        1.0016221510537970     
   5.3295865540812173        1.0016845940012726     
   5.5269786486768178        1.0017470408415552     
   5.7243707432724182        1.0018094915748876     
   5.9217628378680187        1.0018719462015122     
   6.1191549324636192        1.0019344047216721     
   6.3165470270592206        1.0019968671356094     
   6.5139391216548210        1.0020593334435677     
   6.7113312162504215        1.0021218036457888     
   6.9087233108460220        1.0021842777425163     
   7.1061154054416225        1.0022467557339925     
   7.3035075000372238        1.0023092376204603     
   7.5008995946328243        1.0023717234021630     
   7.6982916892284248        1.0024342130793429     
   7.8956837838240252        1.0024967066522428     
   8.0930758784196257        1.0025592041211058     
   8.2904679730152271        1.0026217054861748     
   8.4878600676108267        1.0026842107476925     
   8.6852521622064280        1.0027467199059019     
   8.8826442568020276        1.0028092329610461     
   9.0800363513976290        1.0028717499133679     
   9.2774284459932304        1.0029342707631104     
   9.4748205405888299        1.0029967955105163     
   9.6722126351844313        1.0030593241558285     
   9.8696047297800309        1.0031218566992905     
   10.066996824375632        1.0031843931411450     
   10.264388918971234        1.0032469334816352     
   10.461781013566833        1.0033094777210037     
   10.659173108162435        1.0033720258594940     
   10.856565202758034        1.0034345778973492     
   11.053957297353636        1.0034971338348122     
   11.251349391949237        1.0035596936721263     
   11.448741486544836        1.0036222574095344     
   11.646133581140438        1.0036848250472798     
   11.843525675736037        1.0037473965856054     
   12.040917770331639        1.0038099720247546     
   12.238309864927238        1.0038725513649707     
   12.435701959522840        1.0039351346064964     
   12.633094054118441        1.0039977217495755     
   12.830486148714041        1.0040603127944510     
   13.027878243309642        1.0041229077413660     
   13.225270337905242        1.0041855065905640     
   13.422662432500843        1.0042481093422884     
   13.620054527096444        1.0043107159967819     
   13.817446621692044        1.0043733265542882     
   14.014838716287645        1.0044359410150510     
   14.212230810883245        1.0044985593793128     
   14.409622905478846        1.0045611816473177     
   14.607015000074448        1.0046238078193084     
   14.804407094670047        1.0046864378955287     
   15.001799189265649        1.0047490718762220     
   15.199191283861248        1.0048117097616316     
   15.396583378456850        1.0048743515520009     
   15.593975473052451        1.0049369972475732     
   15.791367567648050        1.0049996468485927     
   15.988759662243652        1.0050623003553019     
   16.186151756839251        1.0051249577679446     
   16.383543851434851        1.0051876190867646     
   16.580935946030454        1.0052502843120052     
   16.778328040626054        1.0053129534439100     
   16.975720135221653        1.0053756264827227     
   17.173112229817256        1.0054383034286862     
   17.370504324412856        1.0055009842820450     
   17.567896419008456        1.0055636690430421     
   17.765288513604055        1.0056263577119213     
   17.962680608199658        1.0056890502889262     
   18.160072702795258        1.0057517467743005     
   18.357464797390858        1.0058144471682877     
   18.554856891986461        1.0058771514711315     
   18.752248986582060        1.0059398596830758     
   18.949641081177660        1.0060025718043639     
   19.147033175773263        1.0060652878352401     
   19.344425270368863        1.0061280077759476     
   19.541817364964462        1.0061907316267302     
   19.739209459560062        1.0062534593878318     
   19.936601554155665        1.0063161910594962     
   20.133993648751265        1.0063789266419672     
   20.331385743346864        1.0064416661354887     
   20.528777837942467        1.0065044095403044     
   20.726169932538067        1.0065671568566581     
   20.923562027133666        1.0066299080847936     
   21.120954121729266        1.0066926632249549     
   21.318346216324869        1.0067554222773856     
   21.515738310920469        1.0068181852423299     
   21.713130405516068        1.0068809521200319     
   21.910522500111671        1.0069437229107352     
   22.107914594707271        1.0070064976146835     
   22.305306689302871        1.0070692762321212     
   22.502698783898474        1.0071320587632924     
   22.700090878494073        1.0071948452084405     
   22.897482973089673        1.0072576355678100     
   23.094875067685273        1.0073204298416445     
   23.292267162280876        1.0073832280301886     
   23.489659256876475        1.0074460301336858     
   23.687051351472075        1.0075088361523807     
   23.884443446067678        1.0075716460865169     
   24.081835540663278        1.0076344599363387     
   24.279227635258877        1.0076972777020903     
   24.476619729854477        1.0077600993840159     
   24.674011824450080        1.0078229249823594     
   24.871403919045679        1.0078857544973649     
   25.068796013641279        1.0079485879292767     
   25.266188108236882        1.0080114252783388     
   25.463580202832485        1.0080742665447959     
   25.660972297428081        1.0081371117288918     
   25.858364392023681        1.0081999608308707     
   26.055756486619284        1.0082628138509768     
   26.253148581214887        1.0083256707894548     
   26.450540675810483        1.0083885316465486     
   26.647932770406083        1.0084513964225026     
   26.845324865001686        1.0085142651175614     
   27.042716959597289        1.0085771377319686     
   27.240109054192889        1.0086400142659693     
   27.437501148788485        1.0087028947198073     
   27.634893243384088        1.0087657790937274     
   27.832285337979691        1.0088286673879738     
   28.029677432575291        1.0088915596027910     
   28.227069527170887        1.0089544557384231     
   28.424461621766490        1.0090173557951150     
   28.621853716362093        1.0090802597731106     
   28.819245810957693        1.0091431676726550     
   29.016637905553289        1.0092060794939921     
   29.214030000148895        1.0092689952373666     
   29.411422094744498        1.0093319149030231     
   29.608814189340094        1.0093948384912059     
   29.806206283935694        1.0094577660021598     
   30.003598378531297        1.0095206974361290     
   30.200990473126900        1.0095836327933585     
   30.398382567722496        1.0096465720740928     
   30.595774662318096        1.0097095152785764     
   30.793166756913699        1.0097724624070537     
   30.990558851509302        1.0098354134597696     
   31.187950946104902        1.0098983684369687     
   31.385343040700498        1.0099613273388957     
   31.582735135296101        1.0100242901657952     
   31.780127229891704        1.0100872569179120     
   31.977519324487304        1.0101502275954906     
   32.174911419082903        1.0102132021987760     
   32.372303513678503        1.0102761807280125     
   32.569695608274110        1.0103391631834453     
   32.767087702869702        1.0104021495653186     
   32.964479797465302        1.0104651398738780     
   33.161871892060908        1.0105281341093677     
   33.359263986656508        1.0105911322720325     
   33.556656081252108        1.0106541343621176     
   33.754048175847707        1.0107171403798676     
   33.951440270443307        1.0107801503255271     
   34.148832365038913        1.0108431641993416     
   34.346224459634513        1.0109061820015555     
   34.543616554230105        1.0109692037324138     
   34.741008648825712        1.0110322293921614     
   34.938400743421312        1.0110952589810436     
   35.135792838016911        1.0111582924993050     
   35.333184932612511        1.0112213299471906     
   35.530577027208111        1.0112843713249453     
   35.727969121803717        1.0113474166328142     
   35.925361216399317        1.0114104658710426     
   36.122753310994916        1.0114735190398749     
   36.320145405590516        1.0115365761395565     
   36.517537500186123        1.0115996371703326     
   36.714929594781715        1.0116627021324480     
   36.912321689377315        1.0117257710261482     
   37.109713783972921        1.0117888438516778     
   37.307105878568521        1.0118519206092822     
   37.504497973164121        1.0119150012992062     
   37.701890067759720        1.0119780859216954     
   37.899282162355320        1.0120411744769946     
   38.096674256950926        1.0121042669653495     
   38.294066351546526        1.0121673633870045     
   38.491458446142119        1.0122304637422055     
   38.688850540737725        1.0122935680311973     
   38.886242635333325        1.0123566762542253     
   39.083634729928924        1.0124197884115347     
   39.281026824524524        1.0124829045033708     
