   0.0000000000000000        1.0000000000000000     
  0.19739209459560064       0.99999994541559367     
  0.39478418919120128       0.99999989083119023     
  0.59217628378680187       0.99999983624678990     
  0.78956837838240257       0.99999978166239234     
  0.98696047297800316       0.99999972707799789     
   1.1843525675736037       0.99999967249360644     
   1.3817446621692044       0.99999961790921787     
   1.5791367567648051       0.99999956332483253     
   1.7765288513604056       0.99999950874044985     
   1.9739209459560063       0.99999945415607028     
   2.1713130405516070       0.99999939957169359     
   2.3687051351472075       0.99999934498731990     
   2.5660972297428084       0.99999929040294921     
   2.7634893243384089       0.99999923581858152     
   2.9608814189340094       0.99999918123421694     
   3.1582735135296103       0.99999912664985524     
   3.3556656081252108       0.99999907206549665     
   3.5530577027208112       0.99999901748114084     
   3.7504497973164121       0.99999896289678802     
   3.9478418919120126       0.99999890831243821     
   4.1452339865076135       0.99999885372809139     
   4.3426260811032140       0.99999879914374745     
   4.5400181756988145       0.99999874455940663     
   4.7374102702944150       0.99999868997506869     
   4.9348023648900154       0.99999863539073375     
   5.1321944594856168       0.99999858080640192     
   5.3295865540812173       0.99999852622207297     
   5.5269786486768178       0.99999847163774691     
   5.7243707432724182       0.99999841705342396     
   5.9217628378680187       0.99999836246910390     
   6.1191549324636192       0.99999830788478683     
   6.3165470270592206       0.99999825330047276     
   6.5139391216548210       0.99999819871616169     
   6.7113312162504215       0.99999814413185362     
   6.9087233108460220       0.99999808954754854     
   7.1061154054416225       0.99999803496324624     
   7.3035075000372238       0.99999798037894716     
   7.5008995946328243       0.99999792579465108     
   7.6982916892284248       0.99999787121035799     
   7.8956837838240252       0.99999781662606779     
   8.0930758784196257       0.99999776204178059     
   8.2904679730152271       0.99999770745749639     
   8.4878600676108267       0.99999765287321518     
   8.6852521622064280       0.99999759828893686     
   8.8826442568020276       0.99999754370466154     
   9.0800363513976290       0.99999748912038922     
   9.2774284459932304       0.99999743453611989     
   9.4748205405888299       0.99999737995185356     
   9.6722126351844313       0.99999732536759012     
   9.8696047297800309       0.99999727078332978     
   10.066996824375632       0.99999721619907223     
   10.264388918971234       0.99999716161481766     
   10.461781013566833       0.99999710703056621     
   10.659173108162435       0.99999705244631765     
   10.856565202758034       0.99999699786207230     
   11.053957297353636       0.99999694327782973     
   11.251349391949237       0.99999688869359016     
   11.448741486544836       0.99999683410935369     
   11.646133581140438       0.99999677952512001     
   11.843525675736037       0.99999672494088931     
   12.040917770331639       0.99999667035666173     
   12.238309864927238       0.99999661577243693     
   12.435701959522840       0.99999656118821523     
   12.633094054118441       0.99999650660399664     
   12.830486148714041       0.99999645201978082     
   13.027878243309642       0.99999639743556801     
   13.225270337905242       0.99999634285135830     
   13.422662432500843       0.99999628826715137     
   13.620054527096444       0.99999623368294766     
   13.817446621692044       0.99999617909874694     
   14.014838716287645       0.99999612451454922     
   14.212230810883245       0.99999606993035428     
   14.409622905478846       0.99999601534616256     
   14.607015000074448       0.99999596076197361     
   14.804407094670047       0.99999590617778766     
   15.001799189265649       0.99999585159360482     
   15.199191283861248       0.99999579700942487     
   15.396583378456850       0.99999574242524769     
   15.593975473052451       0.99999568784107384     
   15.791367567648050       0.99999563325690277     
   15.988759662243652       0.99999557867273481     
   16.186151756839251       0.99999552408856984     
   16.383543851434851       0.99999546950440776     
   16.580935946030454       0.99999541492024868     
   16.778328040626054       0.99999536033609249     
   16.975720135221653       0.99999530575193940     
   17.173112229817256       0.99999525116778931     
   17.370504324412856       0.99999519658364211     
   17.567896419008456       0.99999514199949802     
   17.765288513604055       0.99999508741535670     
   17.962680608199658       0.99999503283121838     
   18.160072702795258       0.99999497824708294     
   18.357464797390858       0.99999492366295073     
   18.554856891986461       0.99999486907882129     
   18.752248986582060       0.99999481449469507     
   18.949641081177660       0.99999475991057163     
   19.147033175773263       0.99999470532645129     
   19.344425270368863       0.99999465074233396     
   19.541817364964462       0.99999459615821951     
   19.739209459560062       0.99999454157410805     
   19.936601554155665       0.99999448698999971     
   20.133993648751265       0.99999443240589436     
   20.331385743346864       0.99999437782179179     
   20.528777837942467       0.99999432323769222     
   20.726169932538067       0.99999426865359575     
   20.923562027133666       0.99999421406950206     
   21.120954121729266       0.99999415948541148     
   21.318346216324869       0.99999410490132379     
   21.515738310920469       0.99999405031723920     
   21.713130405516068       0.99999399573315761     
   21.910522500111671       0.99999394114907902     
   22.107914594707271       0.99999388656500321     
   22.305306689302871       0.99999383198093050     
   22.502698783898474       0.99999377739686068     
   22.700090878494073       0.99999372281279397     
   22.897482973089673       0.99999366822873015     
   23.094875067685273       0.99999361364466954     
   23.292267162280876       0.99999355906061171     
   23.489659256876475       0.99999350447655677     
   23.687051351472075       0.99999344989250505     
   23.884443446067678       0.99999339530845610     
   24.081835540663278       0.99999334072441026     
   24.279227635258877       0.99999328614036742     
   24.476619729854477       0.99999323155632747     
   24.674011824450080       0.99999317697229051     
   24.871403919045679       0.99999312238825644     
   25.068796013641279       0.99999306780422548     
   25.266188108236882       0.99999301322019740     
   25.463580202832485       0.99999295863617232     
   25.660972297428081       0.99999290405215024     
   25.858364392023681       0.99999284946813105     
   26.055756486619284       0.99999279488411508     
   26.253148581214887       0.99999274030010199     
   26.450540675810483       0.99999268571609190     
   26.647932770406083       0.99999263113208459     
   26.845324865001686       0.99999257654808038     
   27.042716959597289       0.99999252196407906     
   27.240109054192889       0.99999246738008085     
   27.437501148788485       0.99999241279608575     
   27.634893243384088       0.99999235821209354     
   27.832285337979691       0.99999230362810432     
   28.029677432575291       0.99999224904411799     
   28.227069527170887       0.99999219446013476     
   28.424461621766490       0.99999213987615432     
   28.621853716362093       0.99999208529217698     
   28.819245810957693       0.99999203070820264     
   29.016637905553289       0.99999197612423107     
   29.214030000148895       0.99999192154026262     
   29.411422094744498       0.99999186695629716     
   29.608814189340094       0.99999181237233481     
   29.806206283935694       0.99999175778837524     
   30.003598378531297       0.99999170320441877     
   30.200990473126900       0.99999164862046519     
   30.398382567722496       0.99999159403651461     
   30.595774662318096       0.99999153945256702     
   30.793166756913699       0.99999148486862255     
   30.990558851509302       0.99999143028468085     
   31.187950946104902       0.99999137570074226     
   31.385343040700498       0.99999132111680655     
   31.582735135296101       0.99999126653287385     
   31.780127229891704       0.99999121194894403     
   31.977519324487304       0.99999115736501720     
   32.174911419082903       0.99999110278109349     
   32.372303513678503       0.99999104819717266     
   32.569695608274110       0.99999099361325483     
   32.767087702869702       0.99999093902934000     
   32.964479797465302       0.99999088444542816     
   33.161871892060908       0.99999082986151933     
   33.359263986656508       0.99999077527761349     
   33.556656081252108       0.99999072069371064     
   33.754048175847707       0.99999066610981058     
   33.951440270443307       0.99999061152591373     
   34.148832365038913       0.99999055694201977     
   34.346224459634513       0.99999050235812881     
   34.543616554230105       0.99999044777424073     
   34.741008648825712       0.99999039319035565     
   34.938400743421312       0.99999033860647368     
   35.135792838016911       0.99999028402259471     
   35.333184932612511       0.99999022943871863     
   35.530577027208111       0.99999017485484554     
   35.727969121803717       0.99999012027097545     
   35.925361216399317       0.99999006568710835     
   36.122753310994916       0.99999001110324415     
   36.320145405590516       0.99998995651938305     
   36.517537500186123       0.99998990193552495     
   36.714929594781715       0.99998984735166963     
   36.912321689377315       0.99998979276781730     
   37.109713783972921       0.99998973818396808     
   37.307105878568521       0.99998968360012186     
   37.504497973164121       0.99998962901627853     
   37.701890067759720       0.99998957443243808     
   37.899282162355320       0.99998951984860074     
   38.096674256950926       0.99998946526476640     
   38.294066351546526       0.99998941068093516     
   38.491458446142119       0.99998935609710660     
   38.688850540737725       0.99998930151328114     
   38.886242635333325       0.99998924692945867     
   39.083634729928924       0.99998919234563921     
   39.281026824524524       0.99998913776182274     
