   0.0000000000000000        1.0000000000000000     
  0.19739209459560064        1.0157913672146834     
  0.39478418919120128        1.0318321017078760     
  0.59217628378680187        1.0481261413298437     
  0.78956837838240257        1.0646774861148927     
  0.98696047297800316        1.0814901992633390     
   1.1843525675736037        1.0985684081389875     
   1.3817446621692044        1.1159163052823606     
   1.5791367567648051        1.1335381494399270     
   1.7765288513604056        1.1514382666095857     
   1.9739209459560063        1.1696210511026561     
   2.1713130405516070        1.1880909666226425     
   2.3687051351472075        1.2068525473610288     
   2.5660972297428084        1.2259103991103830     
   2.7634893243384089        1.2452692003950343     
   2.9608814189340094        1.2649337036196076     
   3.1582735135296103        1.2849087362356946     
   3.3556656081252108        1.3051992019269474     
   3.5530577027208112        1.3258100818128875     
   3.7504497973164121        1.3467464356717245     
   3.9478418919120126        1.3680134031824829     
   4.1452339865076135        1.3896162051867462     
   4.3426260811032140        1.4115601449703250     
   4.5400181756988145        1.4338506095651633     
   4.7374102702944150        1.4564930710718045     
   4.9348023648900154        1.4794930880027415     
   5.1321944594856168        1.5028563066469789     
   5.3295865540812173        1.5265884624561441     
   5.5269786486768178        1.5506953814524880     
   5.7243707432724182        1.5751829816591181     
   5.9217628378680187        1.6000572745528172     
   6.1191549324636192        1.6253243665398063     
   6.3165470270592206        1.6509904604548093     
   6.5139391216548210        1.6770618570837903     
   6.7113312162504215        1.7035449567107392     
   6.9087233108460220        1.7304462606888809     
   7.1061154054416225        1.7577723730366952     
   7.3035075000372238        1.7855300020591434     
   7.5008995946328243        1.8137259619944937     
   7.6982916892284248        1.8423671746871539     
   7.8956837838240252        1.8714606712869180     
   8.0930758784196257        1.9010135939750477     
   8.2904679730152271        1.9310331977176127     
   8.4878600676108267        1.9615268520465161     
   8.6852521622064280        1.9925020428686446     
   8.8826442568020276        2.0239663743035905     
   9.0800363513976290        2.0559275705503901     
   9.2774284459932304        2.0883934777837436     
   9.4748205405888299        2.1213720660801769     
   9.6722126351844313        2.1548714313746209     
   9.8696047297800309        2.1888997974478883     
   10.066996824375632        2.2234655179455345     
   10.264388918971234        2.2585770784285990     
   10.461781013566833        2.2942430984567319     
   10.659173108162435        2.3304723337042152     
   10.856565202758034        2.3672736781093988     
   11.053957297353636        2.4046561660580794     
   11.251349391949237        2.4426289746013556     
   11.448741486544836        2.4812014257085111     
   11.646133581140438        2.5203829885554705     
   11.843525675736037        2.5601832818493917     
   12.040917770331639        2.6006120761899685     
   12.238309864927238        2.6416792964680242     
   12.435701959522840        2.6833950243019777     
   12.633094054118441        2.7257695005127847     
   12.830486148714041        2.7688131276379662     
   13.027878243309642        2.8125364724853332     
   13.225270337905242        2.8569502687270396     
   13.422662432500843        2.9020654195345967     
   13.620054527096444        2.9478930002555024     
   13.817446621692044        2.9944442611321320     
   14.014838716287645        3.0417306300635714     
   14.212230810883245        3.0897637154110558     
   14.409622905478846        3.1385553088477169     
   14.607015000074448        3.1881173882533260     
   14.804407094670047        3.2384621206547517     
   15.001799189265649        3.2896018652128536     
   15.199191283861248        3.3415491762565370     
   15.396583378456850        3.3943168063647278     
   15.593975473052451        3.4479177094970042     
   15.791367567648050        3.5023650441736818     
   15.988759662243652        3.5576721767060997     
   16.186151756839251        3.6138526844779277     
   16.383543851434851        3.6709203592782882     
   16.580935946030454        3.7288892106875089     
   16.778328040626054        3.7877734695163467     
   16.975720135221653        3.8475875912995150     
   17.173112229817256        3.9083462598443850     
   17.370504324412856        3.9700643908357227     
   17.567896419008456        4.0327571354973486     
   17.765288513604055        4.0964398843116214     
   17.962680608199658        4.1611282707976622     
   18.160072702795258        4.2268381753492283     
   18.357464797390858        4.2935857291332109     
   18.554856891986461        4.3613873180496778     
   18.752248986582060        4.4302595867544641     
   18.949641081177660        4.5002194427452755     
   19.147033175773263        4.5712840605123244     
   19.344425270368863        4.6434708857545033     
   19.541817364964462        4.7167976396621443     
   19.739209459560062        4.7912823232674011     
   19.936601554155665        4.8669432218633384     
   20.133993648751265        4.9437989094927977     
   20.331385743346864        5.0218682535081500     
   20.528777837942467        5.1011704192030578     
   20.726169932538067        5.1817248745173741     
   20.923562027133666        5.2635513948163375     
   21.120954121729266        5.3466700677452419     
   21.318346216324869        5.4311012981607636     
   21.515738310920469        5.5168658131401651     
   21.713130405516068        5.6039846670695956     
   21.910522500111671        5.6924792468127485     
   22.107914594707271        5.7823712769611335     
   22.305306689302871        5.8736828251672657     
   22.502698783898474        5.9664363075620619     
   22.700090878494073        6.0606544942577942     
   22.897482973089673        6.1563605149379406     
   23.094875067685273        6.2535778645353037     
   23.292267162280876        6.3523304089997970     
   23.489659256876475        6.4526423911573128     
   23.687051351472075        6.5545384366611108     
   23.884443446067678        6.6580435600371830     
   24.081835540663278        6.7631831708250889     
   24.279227635258877        6.8699830798157553     
   24.476619729854477        6.9784695053877881     
   24.674011824450080        7.0886690799438368     
   24.871403919045679        7.2006088564486026     
   25.068796013641279        7.3143163150700845     
   25.266188108236882        7.4298193699257062     
   25.463580202832485        7.5471463759349708     
   25.660972297428081        7.6663261357803281     
   25.858364392023681        7.7873879069779619     
   26.055756486619284        7.9103614090602345     
   26.253148581214887        8.0352768308715650     
   26.450540675810483        8.1621648379794962     
   26.647932770406083        8.2910565802028096     
   26.845324865001686        8.4219836992585098     
   27.042716959597289        8.5549783365295795     
   27.240109054192889        8.6900731409553789     
   27.437501148788485        8.8273012770466632     
   27.634893243384088        8.9666964330271526     
   27.832285337979691        9.1082928291036787     
   28.029677432575291        9.2521252258669229     
   28.227069527170887        9.3982289328248250     
   28.424461621766490        9.5466398170707247     
   28.621853716362093        9.6973943120884059     
   28.819245810957693        9.8505294266961787     
   29.016637905553289        10.006082754132184     
   29.214030000148895        10.164092481283197     
   29.411422094744498        10.324597398059142     
   29.608814189340094        10.487636906915659     
   29.806206283935694        10.653251032527033     
   30.003598378531297        10.821480431611874     
   30.200990473126900        10.992366402913969     
   30.398382567722496        11.165950897340734     
   30.595774662318096        11.342276528261765     
   30.793166756913699        11.521386581970031     
   30.990558851509302        11.703325028308248     
   31.187950946104902        11.888136531463060     
   31.385343040700498        12.075866460929687     
   31.582735135296101        12.266560902649706     
   31.780127229891704        12.460266670324728     
   31.977519324487304        12.657031316908707     
   32.174911419082903        12.856903146281761     
   32.372303513678503        13.059931225108315     
   32.569695608274110        13.266165394882513     
   32.767087702869702        13.475656284163831     
   32.964479797465302        13.688455321005920     
   33.161871892060908        13.904614745581711     
   33.359263986656508        14.124187623007897     
   33.556656081252108        14.347227856371900     
   33.754048175847707        14.573790199964607     
   33.951440270443307        14.803930272722003     
   34.148832365038913        15.037704571879125     
   34.346224459634513        15.275170486839595     
   34.543616554230105        15.516386313264176     
   34.741008648825712        15.761411267381819     
   34.938400743421312        16.010305500526695     
   35.135792838016911        16.263130113904779     
   35.333184932612511        16.519947173593625     
   35.530577027208111        16.780819725779018     
   35.727969121803717        17.045811812232198     
   35.925361216399317        17.314988486031545     
   36.122753310994916        17.588415827532486     
   36.320145405590516        17.866160960589603     
   36.517537500186123        18.148292069034913     
   36.714929594781715        18.434878413416374     
   36.912321689377315        18.725990348000675     
   37.109713783972921        19.021699338044570     
   37.307105878568521        19.322077977338932     
   37.504497973164121        19.627200006029838     
   37.701890067759720        19.937140328721092     
   37.899282162355320        20.251975032862607     
   38.096674256950926        20.571781407429139     
   38.294066351546526        20.896637961894051     
   38.491458446142119        21.226624445502615     
   38.688850540737725        21.561821866849723     
   38.886242635333325        21.902312513766738     
   39.083634729928924        22.248179973522387     
   39.281026824524524        22.599509153342641     
