   1.0000000000000000        0.0000000000000000     
  0.99211470669592949      -0.12533297320834386     
  0.96858323706910676      -0.24868937190784970     
  0.92977669576888444      -0.36812380017038454     
  0.87630708343134867      -0.48175271373437606     
  0.80901764509054042      -0.58778412449653172     
  0.72896957174301946      -0.68454586111261040     
  0.63742526478937356      -0.77051194002261569     
  0.53582842728152102      -0.84432663101541705     
  0.42578129594760089      -0.90482583780616666     
  0.30901937305768923      -0.95105545644357825     
  0.18738405662239713      -0.98228642202538252     
   6.2793600560795748E-002 -0.99802620642743201     
  -6.2787137188639153E-002 -0.99802658572134451     
 -0.18737768152561199      -0.98228755478457930     
 -0.30901317333485107      -0.95105732736767357     
 -0.42577535635885594      -0.90482842161779187     
 -0.53582282911709200      -0.84432989279217885     
 -0.63742008478281287      -0.77051583565596660     
 -0.72896488104326884      -0.68455033788784370     
 -0.80901350830613561      -0.58778912178657783     
 -0.87630355775921975      -0.48175816379862746     
 -0.92977383021916205      -0.36812962904843216     
 -0.96858107179615960      -0.24869550039678912     
 -0.99211327244454228      -0.12533931791122080     
 -0.99999931767417494       -6.4744320245104376E-006
 -0.99211484121025917       0.12532646431119049     
 -0.96858418630218401       0.24868293119434035     
 -0.92977844475075411       0.36811752921399415     
 -0.87630960457959262       0.48174671143141395     
 -0.80902089864526727       0.58777848550649425     
 -0.72897350639390024       0.68454067436535071     
 -0.63742981848483349       0.77050728731587281     
 -0.53583352820732610       0.84432258572482255     
 -0.42578686365940760       0.90482246372807229     
 -0.30902531974969472       0.95105280678895399     
 -0.18739028851208400       0.98228453858065190     
  -6.2800019367932572E-002  0.99802511889547874     
   6.2780632692066102E-002  0.99802631125308261     
  0.18737119391897888       0.98228809770847492     
  0.30900680493116517       0.95105867912148334     
  0.42576920759122500       0.90483056088359493     
  0.53581699695484086       0.84433278583257232     
  0.63741466120222579       0.77051943684612323     
  0.72895995157707483       0.68455459043504019     
  0.80900915069461221       0.58779395862584682     
  0.87629984072418787       0.48176350865040846     
  0.92977081238020676       0.36813539762154124     
  0.96857880074616853       0.24870160171773620     
  0.99211178399914135       0.12534565575891035     
  0.99999863530689725        1.2948855213681013E-005
  0.99211497568235563      -0.12531995541760740     
  0.96858513549291358      -0.24867649047907991     
  0.92978019369082954      -0.36811125825055890     
  0.87631212568725481      -0.48174070911622430     
  0.80902415216126500      -0.58777284649923955     
  0.72897744100851525      -0.68453548759615557     
  0.63743437214706278      -0.77050263458282220     
  0.53583862910345992      -0.84431854040396292     
  0.42579243134557021      -0.90481908961623259     
  0.30903126642048773      -0.95105015709763641     
  0.18739652038532453      -0.98228265509685875     
   6.2806438163648545E-002 -0.99802403132270956     
  -6.2774128201708274E-002 -0.99802603674289514     
 -0.18736470631325736      -0.98228864058999654     
 -0.30900043652307285      -0.95106003083313895     
 -0.42576305881393905      -0.90483270010812844     
 -0.53581116477783841      -0.84433567883323180     
 -0.63740923760202373      -0.77052303799870792     
 -0.72895502208671159      -0.68455884294741931     
 -0.80900479305474648      -0.58779879543360225     
 -0.87629612365708742      -0.48176885347447662     
 -0.92976779450596236      -0.36814116617117526     
 -0.96857652965822449      -0.24870770301981623     
 -0.99211029551372198      -0.12535199359263841     
 -0.99999795289816684       -1.9423269567063014E-005
 -0.99211511011221898       0.12531344652759505     
 -0.96858608464129559       0.24867004976206886     
 -0.92978194258911073       0.36810498728007929     
 -0.87631464675433524       0.48173470678880764     
 -0.80902740563853337       0.58776720747476785     
 -0.72898137558686416       0.68453030080502508     
 -0.63743892577606120       0.77049798182346396     
 -0.53584372996992213       0.84431449505283807     
 -0.42579799900608839       0.90481571547064754     
 -0.30903721307006793       0.95104750736962551     
 -0.18740275224211841       0.98228077157400295     
  -6.2812856947943405E-002  0.99802294370912459     
   6.2767623717565932E-002  0.99802576219078243     
  0.18735821870844768       0.98228918342914451     
  0.30899406811057428       0.95106138250264083     
  0.42575691002699839       0.90483483929139286     
  0.53580533258608498       0.84433857179415761     
  0.63740381398220713       0.77052663911372110     
  0.72895009257217946       0.68456309542498150     
  0.80900043538653865       0.58780363220984433     
  0.87629240655791862       0.48177419827083212     
  0.92976477659642920       0.36814693469733439     
  0.96857425853232770       0.24871380430302933     
  0.99210880698828452       0.12535833141240502     
  0.99999727044798403        2.5897675084677233E-005
  0.99211524449984934      -0.12530693764115342     
  0.96858703374733013      -0.24866360904330717     
  0.92978369144559780      -0.36809871630255536     
  0.87631716778083391      -0.48172870444916405     
  0.80903065907707239      -0.58776156843307947     
  0.72898531012894685      -0.68452511399195959     
  0.63744347937182844      -0.77049332903779821     
  0.53584883080671231      -0.84431044967144830     
  0.42580356664096175      -0.90481234129131727     
  0.30904315969843488      -0.95104485760492141     
  0.18740898408246520      -0.98227888801208452     
   6.2819275720816692E-002 -0.99802185605472349     
  -6.2761119239639493E-002 -0.99802548759674381     
 -0.18735173110455020      -0.98228972622591804     
 -0.30898769969366985      -0.95106273412998810     
 -0.42575076123040323      -0.90483697843338740     
 -0.53579950037958080      -0.84434146471534910     
 -0.63739839034277601      -0.77053024019116201     
 -0.72894516303347845      -0.68456734786772611     
 -0.80899607768998871      -0.58780846895457262     
 -0.87628868942668159      -0.48177954303947457     
 -0.92976175865160726      -0.36815270320001819     
 -0.96857198736847816      -0.24871990556737508     
 -0.99210731842282884      -0.12536466921820977     
 -0.99999658795634871       -3.2372071766123556E-005
 -0.99211537884524648       0.12530042875828293     
 -0.96858798281101677       0.24865716832279527     
 -0.92978544026029031       0.36809244531798735     
 -0.87631968876675048       0.48172270209729362     
 -0.80903391247688172       0.58775592937417442     
 -0.72898924463476311       0.68451992715695908     
 -0.63744803293436458       0.77048867622582506     
 -0.53585393161383066       0.84430640425979364     
 -0.42580913425019040       0.90480896707824199     
 -0.30904910630558874       0.95104220780352411     
 -0.18741521590636501       0.98227700441110344     
  -6.2825694482268518E-002  0.99802076835950648     
   6.2754614767928873E-002  0.99802521296077973     
  0.18734524350156487       0.98229026898031779     
  0.30898133127235955       0.95106408571518142     
  0.42574461242415368       0.90483911753411250     
  0.53579366815832585       0.84434435759680648     
  0.63739296668373047       0.77053384123103097     
  0.72894023347060866       0.68457160027565334     
  0.80899171996509678       0.58781330566778722     
  0.87628497226337632       0.48178488778040396     
  0.92975874067149655       0.36815847167922666     
  0.96856971616667586       0.24872600681285342     
  0.99210582981735496       0.12537100701005263     
  0.99999590542326089        3.8846459611390397E-005
  0.99211551314841062      -0.12529391987898358     
  0.96858893183235595      -0.24865072760053314     
  0.92978718903318858      -0.36808617432637547     
  0.87632220971208519      -0.48171669973319675     
  0.80903716583796159      -0.58775029029805304     
  0.72899317910431316      -0.68451474030002402     
  0.63745258646366942      -0.77048402338754496     
  0.53585903239127686      -0.84430235881787441     
  0.42581470183377401      -0.90480559283142181     
  0.30905505289152913      -0.95103955796543393     
  0.18742144771381747      -0.98227512077106016     
   6.2832113232298495E-002 -0.99801968062347390     
  -6.2748110302434490E-002 -0.99802493828289029     
 -0.18733875589949214      -0.98229081169234356     
 -0.30897496284664383      -0.95106543725822035     
 -0.42573846360825013      -0.90484125659356773     
 -0.53578783592232049      -0.84434725043852943     
 -0.63738754300507072      -0.77053744223332743     
 -0.72893530388357031      -0.68457585264876275     
 -0.80898736221186307      -0.58781814234948759     
 -0.87628125506800292      -0.48179023249361980     
 -0.92975572265609729      -0.36816424013495935     
 -0.96856744492692104      -0.24873210803946391     
 -0.99210434117186308      -0.12537734478793311     
 -0.99999522284872056       -4.5320838619927292E-005
 -0.99211564740934155       0.12528741100325591     
 -0.96858988081134723       0.24864428687652132     
 -0.92978893776429228       0.36807990332772006     
 -0.87632473061683769       0.48171069735687361     
 -0.80904041916031166       0.58774465120471553     
 -0.72899711353759644       0.68450955342115438     
 -0.63745713995974274       0.77047937052295778     
 -0.53586413313905068       0.84429831334569061     
 -0.42582026939171241       0.90480221855085685     
 -0.30906099945625581       0.95103690809065089     
 -0.18742767950482234       0.98227323709195458     
  -6.2838531970906344E-002  0.99801859284662564     
   6.2741605843156620E-002  0.99802466356307551     
  0.18733226829833227       0.98229135436199555     
  0.30896859441652286       0.95106678875910533     
  0.42573231478269274       0.90484339561175353     
  0.53578200367156514       0.84435014324051827     
  0.63738211930679745       0.77054104319805172     
  0.72893037427236407       0.68458010498705435     
  0.80898300443028826       0.58782297899967373     
  0.87627753784056217       0.48179557717912197     
  0.92975270460541004       0.36817000856721593     
  0.96856517364921413       0.24873820924720619     
  0.99210285248635355       0.12538368255185084     
