   1.0000000000000000        0.0000000000000000     
  0.99210431639265828      -0.12566370683170014     
  0.96847960739026029      -0.24934301192326258     
  0.92949943167928628      -0.36907701584698460     
  0.87578081233582850      -0.48296724458589269     
  0.80817446989928843      -0.58920775128013059     
  0.72775134986560086      -0.68611375295131827     
  0.63578565795817421      -0.77214834811525368     
  0.53373467191271406      -0.84594689159005965     
  0.42321564963306163      -0.90633863992260322     
  0.30598019962840756      -0.95236532410274244     
  0.18388651989730628      -0.98329635492743295     
   5.8869945242261704E-002 -0.99864041974335027     
  -6.7087730156267067E-002 -0.99815328649167567     
 -0.19198966863180639      -0.98184169109554775     
 -0.31385564537738286      -0.94996324631649742     
 -0.43075344338911148      -0.90302237327680168     
 -0.54082948926526020      -0.84176231990026251     
 -0.64233824412241991      -0.76715339256478032     
 -0.73366988359613861      -0.68037758730260123     
 -0.81337582798868180      -0.58280986397626067     
 -0.88019171768235938      -0.47599636009470514     
 -0.93305746941363421      -0.36162988947062447     
 -0.97113409525969385      -0.24152311398688350     
 -0.99381701749234830      -0.11757981365400061     
  -1.0007456679909790        8.2352896837346451E-003
 -0.99180921979661341       0.13392767667748937     
 -0.96714835969960411       0.25750464914567639     
 -0.92715307351201437       0.37700692184465334     
 -0.87245647888778088       0.49053968648991364     
 -0.80392480321692494       0.59630265551491612     
 -0.72264366524103896       0.69261860919893659     
 -0.62990087764689084       0.77795999349277989     
 -0.52716604306393611       0.85097314674664082     
 -0.41606726674494976       0.91049977110879921     
 -0.29836535494041394       0.95559530802207115     
 -0.17592590786137846       0.98554392630523691     
  -5.0689749529586686E-002  0.99986988499158636     
   7.5357836792262767E-002  0.99834509055544196     
  0.20021857993204356       0.98099272847933927     
  0.32191290000824618       0.94808691134332390     
  0.43851129327867877       0.90014834876711647     
  0.54816492505321401       0.83793610760461867     
  0.64913494561007434       0.76243559277849715     
  0.73982006427003877       0.67484293906758608     
  0.81878194436863128       0.57654606107142015     
  0.88476801638594293       0.46910266157191199     
  0.93673134740040720       0.35421554675159028     
  0.97384725167847686       0.23370563944584993     
  0.99552637885758255       0.10948311812575298     
   1.0014240720065355       -1.6482860951296488E-002
  0.99144584697086469      -0.14219537849511787     
  0.96574890589333662      -0.26566140902934759     
  0.92473966066750601      -0.38492341798018670     
  0.86906730533799670      -0.49809039807252592     
  0.79961353910249211      -0.60336785295649997     
  0.71747860260399410      -0.69908625264714808     
  0.62396384866007226      -0.78372750955765025     
  0.52055112353164201      -0.85594905525941178     
  0.40887928541580049      -0.91460513611347283     
  0.29071823225323068      -0.95876498998511728     
  0.16794085045048579      -0.98772761567889866     
   4.2493329104333552E-002  -1.0010329007313403     
  -8.3635689744086458E-002 -0.99846893091749600     
 -0.20844663581496264      -0.98007536535054274     
 -0.32996071051393494      -0.94614282342127931     
 -0.44625125952419192      -0.89720829304818528     
 -0.55547432067418845      -0.83404663278626867     
 -0.65589786273256234      -0.75765830227428055     
 -0.74592925150529321      -0.66925351530308375     
 -0.82414050768507763      -0.57023306651479866     
 -0.88929095588465934      -0.46216613549328744     
 -0.94034690562029188      -0.34676541994503240     
 -0.97649805204371520      -0.22585999203521467     
 -0.99717033620571582      -0.10136630806480021     
  -1.0020350607476758        2.4742169022346730E-002
 -0.99101411627014413       0.15046625279286768     
 -0.96428123527863829       0.27381272624028069     
 -0.92225925357933436       0.39282594203958821     
 -0.86561342229277949       0.50561882915310374     
 -0.79524087626880435       0.61040281418078080     
 -0.71225642562770231       0.70551618302300567     
 -0.61797489545522677       0.78945043312107077     
 -0.51389029341754733       0.86087419836930401     
 -0.40165213536898325       0.91865436724893501     
 -0.28303930410226541       0.96187405920796898     
 -0.15993185552330413       0.98984717409890888     
  -3.4281219099204903E-002   1.0021292837981328     
   9.1920735087146571E-002  0.99852469310632652     
  0.21667327234467096       0.97908955774969542     
  0.33799851188710672       0.94413100980426579     
  0.45397278500425403       0.89420230415963897     
  0.56275713572566433       0.83009406272069353     
  0.66262648037466876       0.75282175491584091     
  0.75199696364205415       0.66360961275757802     
  0.82945107737172119       0.56387123523900984     
  0.89376014369292889       0.45518718935220387     
  0.94390380589377820       0.33927996264807730     
  0.97908621784675343       0.21798666426753563     
  0.99874867511806242        9.3229907093406825E-002
   1.0025784872890109       -3.3012667464329695E-002
  0.99051395059587966      -0.15873973898945265     
  0.96274534181040528      -0.28195803493486965     
  0.91971191735613056      -0.40071393188732385     
  0.86209496498671845      -0.51312443021634924     
  0.79080701793681052      -0.61740701100533923     
  0.70697740230190487      -0.71190790185194885     
  0.61193434654629464      -0.79512830332086293     
  0.50718393655539962      -0.86574816013524047     
  0.39438624967631347      -0.92264710009221973     
  0.27532904593467622      -0.96492220856643818     
  0.15189943336737527      -0.99190235661248705     
   2.6053956554347925E-002  -1.0031588552978774     
 -0.10021241754110100      -0.99851226712679364     
 -0.22489792480274728      -0.97803526632873017     
 -0.34602573892355437      -0.94205150241950608     
 -0.46167531298942482      -0.89113048480226875     
 -0.57001283077972298      -0.82607856925847645     
 -0.66932028496300855      -0.74792618898339536     
 -0.75802272110512492      -0.65791153236743605     
 -0.83471321545671873      -0.55746092606951936     
 -0.89817519038833371      -0.44816623417811985     
 -0.94740171352468983      -0.33175963158108956     
 -0.98161147442724439      -0.21008615131622005     
  -1.0002611853282324       -8.5074440990084890E-002
  -1.0030542090956249        4.1293808227260170E-002
 -0.98994527740855864       0.16701527545065095     
 -0.96114122409891223       0.29009676879779478     
 -0.91709772178442450       0.40858682550488234     
 -0.85851207328066026       0.52060665245090565     
 -0.78631217182872981       0.62437991652749192     
 -0.70164180492125627       0.71826091249469537     
 -0.60584253448751102       0.80076066165660631     
 -0.50043244049055358       0.87057052746697283     
 -0.38708206473366208       0.92658297351509411     
 -0.26758793608140274       0.96790913462276906     
 -0.14384409666800219       0.99389292228656489     
  -1.7812080383607133E-002   1.0041214406257724     
  0.10851018050571182       0.99843154747463136     
  0.23312002772563595       0.97691245636085844     
  0.35404182626054659       0.93990433787264993     
  0.46935828718089978       0.88799294233827442     
  0.57724086742145131       0.82200032882068941     
  0.67597876450354821       0.74297184716426479     
  0.76400604644000336       0.65215957924286472     
  0.83992648659667735       0.55100250170618303     
  0.90253570964302299       0.44110368451399246     
  0.95084029732850317       0.32420488656131602     
  0.98407355099793237       0.20215895098581813     
   1.0017076607429853        7.6900437657007714E-002
   1.0034620880396679       -4.9585041678672781E-002
  0.98930802873979773      -0.17529229952606362     
  0.95946888541716746      -0.29822836108000755     
  0.91441674133116824      -0.41644406102938475     
  0.85486489165936164      -0.52806494778797874     
  0.78175655016086920      -0.63132100516231260     
  0.69624991007342085      -0.72457472018405877     
  0.59969979585697031      -0.80634705202467116     
  0.49363619645926232      -0.87534089015777239     
  0.37974002023630266      -0.93046162971389001     
  0.25981645572895906      -0.97083453765213623     
  0.13576636047693508      -0.99581863423053041     
   9.5561313405994885E-003  -1.0050168694849315     
 -0.11681346609684357      -0.99828243315066778     
 -0.24133901494214777      -0.97572109775015436     
 -0.36204620841523710      -0.93768955745256966     
 -0.47702115174921905      -0.88478978879119485     
 -0.58444070828733607      -0.81785952239395909     
 -0.68260140861907737      -0.73795897654315379     
 -0.76994646434883574      -0.64635406265355799     
 -0.84509045811052097      -0.54449632870448939     
 -0.90684131825495484      -0.43399995839341188     
 -0.95421922966046879      -0.31661619047627487     
 -0.98647218066920872      -0.19420556368208847     
  -1.0030878994628312       -6.8708427087225854E-002
  -1.0038019904166759        5.7885816638736112E-002
 -0.98860214120412226       0.18357024758600229     
 -0.95772833370796395       0.30635224463680766     
 -0.91166905514594621       0.42428507679224675     
 -0.85115356922882335       0.53549876893997173     
 -0.77714036963612398       0.63822975268062676     
 -0.69080199862685776       0.73084883206170148     
 -0.59350647123988864       0.81188702075314501     
 -0.48679559936768296       0.88005884091697706     
 -0.37236055915399263       0.93428271423915499     
 -0.25201508889098562       0.97369812166892944     
 -0.12766674218084487       0.99767925961873027     
  -1.2866519846090746E-003   1.0058449759047459     
  0.12512171518260662       0.99806482767475602     
  0.24955431961106869       0.97446116504083358     
  0.37003831982314256       0.93540720713583980     
  0.48466335137300426       0.88152114084551780     
  0.59161181710364608       0.81365633552521222     
  0.68918770858662692       0.73288782859211410     
  0.77584350172627881       0.64049529601403798     
  0.85020470001322712       0.53794277745650976     
  0.91109163617897315       0.42685547731746276     
  0.95753818644353572       0.30899400925689474     
  0.98880710047343978       0.18622649238183997     
   1.0044017038023758        6.0498941331690127E-002
