   0.0000000000000000        1.0000000000000000     
  0.19739209459560064       0.99210431639265828     
  0.39478418919120128       0.96847960739026029     
  0.59217628378680187       0.92949943167928628     
  0.78956837838240257       0.87578081233582850     
  0.98696047297800316       0.80817446989928843     
   1.1843525675736037       0.72775134986560086     
   1.3817446621692044       0.63578565795817421     
   1.5791367567648051       0.53373467191271406     
   1.7765288513604056       0.42321564963306163     
   1.9739209459560063       0.30598019962840756     
   2.1713130405516070       0.18388651989730628     
   2.3687051351472075        5.8869945242261704E-002
   2.5660972297428084       -6.7087730156267067E-002
   2.7634893243384089      -0.19198966863180639     
   2.9608814189340094      -0.31385564537738286     
   3.1582735135296103      -0.43075344338911148     
   3.3556656081252108      -0.54082948926526020     
   3.5530577027208112      -0.64233824412241991     
   3.7504497973164121      -0.73366988359613861     
   3.9478418919120126      -0.81337582798868180     
   4.1452339865076135      -0.88019171768235938     
   4.3426260811032140      -0.93305746941363421     
   4.5400181756988145      -0.97113409525969385     
   4.7374102702944150      -0.99381701749234830     
   4.9348023648900154       -1.0007456679909790     
   5.1321944594856168      -0.99180921979661341     
   5.3295865540812173      -0.96714835969960411     
   5.5269786486768178      -0.92715307351201437     
   5.7243707432724182      -0.87245647888778088     
   5.9217628378680187      -0.80392480321692494     
   6.1191549324636192      -0.72264366524103896     
   6.3165470270592206      -0.62990087764689084     
   6.5139391216548210      -0.52716604306393611     
   6.7113312162504215      -0.41606726674494976     
   6.9087233108460220      -0.29836535494041394     
   7.1061154054416225      -0.17592590786137846     
   7.3035075000372238       -5.0689749529586686E-002
   7.5008995946328243        7.5357836792262767E-002
   7.6982916892284248       0.20021857993204356     
   7.8956837838240252       0.32191290000824618     
   8.0930758784196257       0.43851129327867877     
   8.2904679730152271       0.54816492505321401     
   8.4878600676108267       0.64913494561007434     
   8.6852521622064280       0.73982006427003877     
   8.8826442568020276       0.81878194436863128     
   9.0800363513976290       0.88476801638594293     
   9.2774284459932304       0.93673134740040720     
   9.4748205405888299       0.97384725167847686     
   9.6722126351844313       0.99552637885758255     
   9.8696047297800309        1.0014240720065355     
   10.066996824375632       0.99144584697086469     
   10.264388918971234       0.96574890589333662     
   10.461781013566833       0.92473966066750601     
   10.659173108162435       0.86906730533799670     
   10.856565202758034       0.79961353910249211     
   11.053957297353636       0.71747860260399410     
   11.251349391949237       0.62396384866007226     
   11.448741486544836       0.52055112353164201     
   11.646133581140438       0.40887928541580049     
   11.843525675736037       0.29071823225323068     
   12.040917770331639       0.16794085045048579     
   12.238309864927238        4.2493329104333552E-002
   12.435701959522840       -8.3635689744086458E-002
   12.633094054118441      -0.20844663581496264     
   12.830486148714041      -0.32996071051393494     
   13.027878243309642      -0.44625125952419192     
   13.225270337905242      -0.55547432067418845     
   13.422662432500843      -0.65589786273256234     
   13.620054527096444      -0.74592925150529321     
   13.817446621692044      -0.82414050768507763     
   14.014838716287645      -0.88929095588465934     
   14.212230810883245      -0.94034690562029188     
   14.409622905478846      -0.97649805204371520     
   14.607015000074448      -0.99717033620571582     
   14.804407094670047       -1.0020350607476758     
   15.001799189265649      -0.99101411627014413     
   15.199191283861248      -0.96428123527863829     
   15.396583378456850      -0.92225925357933436     
   15.593975473052451      -0.86561342229277949     
   15.791367567648050      -0.79524087626880435     
   15.988759662243652      -0.71225642562770231     
   16.186151756839251      -0.61797489545522677     
   16.383543851434851      -0.51389029341754733     
   16.580935946030454      -0.40165213536898325     
   16.778328040626054      -0.28303930410226541     
   16.975720135221653      -0.15993185552330413     
   17.173112229817256       -3.4281219099204903E-002
   17.370504324412856        9.1920735087146571E-002
   17.567896419008456       0.21667327234467096     
   17.765288513604055       0.33799851188710672     
   17.962680608199658       0.45397278500425403     
   18.160072702795258       0.56275713572566433     
   18.357464797390858       0.66262648037466876     
   18.554856891986461       0.75199696364205415     
   18.752248986582060       0.82945107737172119     
   18.949641081177660       0.89376014369292889     
   19.147033175773263       0.94390380589377820     
   19.344425270368863       0.97908621784675343     
   19.541817364964462       0.99874867511806242     
   19.739209459560062        1.0025784872890109     
   19.936601554155665       0.99051395059587966     
   20.133993648751265       0.96274534181040528     
   20.331385743346864       0.91971191735613056     
   20.528777837942467       0.86209496498671845     
   20.726169932538067       0.79080701793681052     
   20.923562027133666       0.70697740230190487     
   21.120954121729266       0.61193434654629464     
   21.318346216324869       0.50718393655539962     
   21.515738310920469       0.39438624967631347     
   21.713130405516068       0.27532904593467622     
   21.910522500111671       0.15189943336737527     
   22.107914594707271        2.6053956554347925E-002
   22.305306689302871      -0.10021241754110100     
   22.502698783898474      -0.22489792480274728     
   22.700090878494073      -0.34602573892355437     
   22.897482973089673      -0.46167531298942482     
   23.094875067685273      -0.57001283077972298     
   23.292267162280876      -0.66932028496300855     
   23.489659256876475      -0.75802272110512492     
   23.687051351472075      -0.83471321545671873     
   23.884443446067678      -0.89817519038833371     
   24.081835540663278      -0.94740171352468983     
   24.279227635258877      -0.98161147442724439     
   24.476619729854477       -1.0002611853282324     
   24.674011824450080       -1.0030542090956249     
   24.871403919045679      -0.98994527740855864     
   25.068796013641279      -0.96114122409891223     
   25.266188108236882      -0.91709772178442450     
   25.463580202832485      -0.85851207328066026     
   25.660972297428081      -0.78631217182872981     
   25.858364392023681      -0.70164180492125627     
   26.055756486619284      -0.60584253448751102     
   26.253148581214887      -0.50043244049055358     
   26.450540675810483      -0.38708206473366208     
   26.647932770406083      -0.26758793608140274     
   26.845324865001686      -0.14384409666800219     
   27.042716959597289       -1.7812080383607133E-002
   27.240109054192889       0.10851018050571182     
   27.437501148788485       0.23312002772563595     
   27.634893243384088       0.35404182626054659     
   27.832285337979691       0.46935828718089978     
   28.029677432575291       0.57724086742145131     
   28.227069527170887       0.67597876450354821     
   28.424461621766490       0.76400604644000336     
   28.621853716362093       0.83992648659667735     
   28.819245810957693       0.90253570964302299     
   29.016637905553289       0.95084029732850317     
   29.214030000148895       0.98407355099793237     
   29.411422094744498        1.0017076607429853     
   29.608814189340094        1.0034620880396679     
   29.806206283935694       0.98930802873979773     
   30.003598378531297       0.95946888541716746     
   30.200990473126900       0.91441674133116824     
   30.398382567722496       0.85486489165936164     
   30.595774662318096       0.78175655016086920     
   30.793166756913699       0.69624991007342085     
   30.990558851509302       0.59969979585697031     
   31.187950946104902       0.49363619645926232     
   31.385343040700498       0.37974002023630266     
   31.582735135296101       0.25981645572895906     
   31.780127229891704       0.13576636047693508     
   31.977519324487304        9.5561313405994885E-003
   32.174911419082903      -0.11681346609684357     
   32.372303513678503      -0.24133901494214777     
   32.569695608274110      -0.36204620841523710     
   32.767087702869702      -0.47702115174921905     
   32.964479797465302      -0.58444070828733607     
   33.161871892060908      -0.68260140861907737     
   33.359263986656508      -0.76994646434883574     
   33.556656081252108      -0.84509045811052097     
   33.754048175847707      -0.90684131825495484     
   33.951440270443307      -0.95421922966046879     
   34.148832365038913      -0.98647218066920872     
   34.346224459634513       -1.0030878994628312     
   34.543616554230105       -1.0038019904166759     
   34.741008648825712      -0.98860214120412226     
   34.938400743421312      -0.95772833370796395     
   35.135792838016911      -0.91166905514594621     
   35.333184932612511      -0.85115356922882335     
   35.530577027208111      -0.77714036963612398     
   35.727969121803717      -0.69080199862685776     
   35.925361216399317      -0.59350647123988864     
   36.122753310994916      -0.48679559936768296     
   36.320145405590516      -0.37236055915399263     
   36.517537500186123      -0.25201508889098562     
   36.714929594781715      -0.12766674218084487     
   36.912321689377315       -1.2866519846090746E-003
   37.109713783972921       0.12512171518260662     
   37.307105878568521       0.24955431961106869     
   37.504497973164121       0.37003831982314256     
   37.701890067759720       0.48466335137300426     
   37.899282162355320       0.59161181710364608     
   38.096674256950926       0.68918770858662692     
   38.294066351546526       0.77584350172627881     
   38.491458446142119       0.85020470001322712     
   38.688850540737725       0.91109163617897315     
   38.886242635333325       0.95753818644353572     
   39.083634729928924       0.98880710047343978     
   39.281026824524524        1.0044017038023758     
