   0.0000000000000000        1.0000000000000000     
  0.19739209459560064       0.99211470669592949     
  0.39478418919120128       0.96858323706910676     
  0.59217628378680187       0.92977669576888444     
  0.78956837838240257       0.87630708343134867     
  0.98696047297800316       0.80901764509054042     
   1.1843525675736037       0.72896957174301946     
   1.3817446621692044       0.63742526478937356     
   1.5791367567648051       0.53582842728152102     
   1.7765288513604056       0.42578129594760089     
   1.9739209459560063       0.30901937305768923     
   2.1713130405516070       0.18738405662239713     
   2.3687051351472075        6.2793600560795748E-002
   2.5660972297428084       -6.2787137188639153E-002
   2.7634893243384089      -0.18737768152561199     
   2.9608814189340094      -0.30901317333485107     
   3.1582735135296103      -0.42577535635885594     
   3.3556656081252108      -0.53582282911709200     
   3.5530577027208112      -0.63742008478281287     
   3.7504497973164121      -0.72896488104326884     
   3.9478418919120126      -0.80901350830613561     
   4.1452339865076135      -0.87630355775921975     
   4.3426260811032140      -0.92977383021916205     
   4.5400181756988145      -0.96858107179615960     
   4.7374102702944150      -0.99211327244454228     
   4.9348023648900154      -0.99999931767417494     
   5.1321944594856168      -0.99211484121025917     
   5.3295865540812173      -0.96858418630218401     
   5.5269786486768178      -0.92977844475075411     
   5.7243707432724182      -0.87630960457959262     
   5.9217628378680187      -0.80902089864526727     
   6.1191549324636192      -0.72897350639390024     
   6.3165470270592206      -0.63742981848483349     
   6.5139391216548210      -0.53583352820732610     
   6.7113312162504215      -0.42578686365940760     
   6.9087233108460220      -0.30902531974969472     
   7.1061154054416225      -0.18739028851208400     
   7.3035075000372238       -6.2800019367932572E-002
   7.5008995946328243        6.2780632692066102E-002
   7.6982916892284248       0.18737119391897888     
   7.8956837838240252       0.30900680493116517     
   8.0930758784196257       0.42576920759122500     
   8.2904679730152271       0.53581699695484086     
   8.4878600676108267       0.63741466120222579     
   8.6852521622064280       0.72895995157707483     
   8.8826442568020276       0.80900915069461221     
   9.0800363513976290       0.87629984072418787     
   9.2774284459932304       0.92977081238020676     
   9.4748205405888299       0.96857880074616853     
   9.6722126351844313       0.99211178399914135     
   9.8696047297800309       0.99999863530689725     
   10.066996824375632       0.99211497568235563     
   10.264388918971234       0.96858513549291358     
   10.461781013566833       0.92978019369082954     
   10.659173108162435       0.87631212568725481     
   10.856565202758034       0.80902415216126500     
   11.053957297353636       0.72897744100851525     
   11.251349391949237       0.63743437214706278     
   11.448741486544836       0.53583862910345992     
   11.646133581140438       0.42579243134557021     
   11.843525675736037       0.30903126642048773     
   12.040917770331639       0.18739652038532453     
   12.238309864927238        6.2806438163648545E-002
   12.435701959522840       -6.2774128201708274E-002
   12.633094054118441      -0.18736470631325736     
   12.830486148714041      -0.30900043652307285     
   13.027878243309642      -0.42576305881393905     
   13.225270337905242      -0.53581116477783841     
   13.422662432500843      -0.63740923760202373     
   13.620054527096444      -0.72895502208671159     
   13.817446621692044      -0.80900479305474648     
   14.014838716287645      -0.87629612365708742     
   14.212230810883245      -0.92976779450596236     
   14.409622905478846      -0.96857652965822449     
   14.607015000074448      -0.99211029551372198     
   14.804407094670047      -0.99999795289816684     
   15.001799189265649      -0.99211511011221898     
   15.199191283861248      -0.96858608464129559     
   15.396583378456850      -0.92978194258911073     
   15.593975473052451      -0.87631464675433524     
   15.791367567648050      -0.80902740563853337     
   15.988759662243652      -0.72898137558686416     
   16.186151756839251      -0.63743892577606120     
   16.383543851434851      -0.53584372996992213     
   16.580935946030454      -0.42579799900608839     
   16.778328040626054      -0.30903721307006793     
   16.975720135221653      -0.18740275224211841     
   17.173112229817256       -6.2812856947943405E-002
   17.370504324412856        6.2767623717565932E-002
   17.567896419008456       0.18735821870844768     
   17.765288513604055       0.30899406811057428     
   17.962680608199658       0.42575691002699839     
   18.160072702795258       0.53580533258608498     
   18.357464797390858       0.63740381398220713     
   18.554856891986461       0.72895009257217946     
   18.752248986582060       0.80900043538653865     
   18.949641081177660       0.87629240655791862     
   19.147033175773263       0.92976477659642920     
   19.344425270368863       0.96857425853232770     
   19.541817364964462       0.99210880698828452     
   19.739209459560062       0.99999727044798403     
   19.936601554155665       0.99211524449984934     
   20.133993648751265       0.96858703374733013     
   20.331385743346864       0.92978369144559780     
   20.528777837942467       0.87631716778083391     
   20.726169932538067       0.80903065907707239     
   20.923562027133666       0.72898531012894685     
   21.120954121729266       0.63744347937182844     
   21.318346216324869       0.53584883080671231     
   21.515738310920469       0.42580356664096175     
   21.713130405516068       0.30904315969843488     
   21.910522500111671       0.18740898408246520     
   22.107914594707271        6.2819275720816692E-002
   22.305306689302871       -6.2761119239639493E-002
   22.502698783898474      -0.18735173110455020     
   22.700090878494073      -0.30898769969366985     
   22.897482973089673      -0.42575076123040323     
   23.094875067685273      -0.53579950037958080     
   23.292267162280876      -0.63739839034277601     
   23.489659256876475      -0.72894516303347845     
   23.687051351472075      -0.80899607768998871     
   23.884443446067678      -0.87628868942668159     
   24.081835540663278      -0.92976175865160726     
   24.279227635258877      -0.96857198736847816     
   24.476619729854477      -0.99210731842282884     
   24.674011824450080      -0.99999658795634871     
   24.871403919045679      -0.99211537884524648     
   25.068796013641279      -0.96858798281101677     
   25.266188108236882      -0.92978544026029031     
   25.463580202832485      -0.87631968876675048     
   25.660972297428081      -0.80903391247688172     
   25.858364392023681      -0.72898924463476311     
   26.055756486619284      -0.63744803293436458     
   26.253148581214887      -0.53585393161383066     
   26.450540675810483      -0.42580913425019040     
   26.647932770406083      -0.30904910630558874     
   26.845324865001686      -0.18741521590636501     
   27.042716959597289       -6.2825694482268518E-002
   27.240109054192889        6.2754614767928873E-002
   27.437501148788485       0.18734524350156487     
   27.634893243384088       0.30898133127235955     
   27.832285337979691       0.42574461242415368     
   28.029677432575291       0.53579366815832585     
   28.227069527170887       0.63739296668373047     
   28.424461621766490       0.72894023347060866     
   28.621853716362093       0.80899171996509678     
   28.819245810957693       0.87628497226337632     
   29.016637905553289       0.92975874067149655     
   29.214030000148895       0.96856971616667586     
   29.411422094744498       0.99210582981735496     
   29.608814189340094       0.99999590542326089     
   29.806206283935694       0.99211551314841062     
   30.003598378531297       0.96858893183235595     
   30.200990473126900       0.92978718903318858     
   30.398382567722496       0.87632220971208519     
   30.595774662318096       0.80903716583796159     
   30.793166756913699       0.72899317910431316     
   30.990558851509302       0.63745258646366942     
   31.187950946104902       0.53585903239127686     
   31.385343040700498       0.42581470183377401     
   31.582735135296101       0.30905505289152913     
   31.780127229891704       0.18742144771381747     
   31.977519324487304        6.2832113232298495E-002
   32.174911419082903       -6.2748110302434490E-002
   32.372303513678503      -0.18733875589949214     
   32.569695608274110      -0.30897496284664383     
   32.767087702869702      -0.42573846360825013     
   32.964479797465302      -0.53578783592232049     
   33.161871892060908      -0.63738754300507072     
   33.359263986656508      -0.72893530388357031     
   33.556656081252108      -0.80898736221186307     
   33.754048175847707      -0.87628125506800292     
   33.951440270443307      -0.92975572265609729     
   34.148832365038913      -0.96856744492692104     
   34.346224459634513      -0.99210434117186308     
   34.543616554230105      -0.99999522284872056     
   34.741008648825712      -0.99211564740934155     
   34.938400743421312      -0.96858988081134723     
   35.135792838016911      -0.92978893776429228     
   35.333184932612511      -0.87632473061683769     
   35.530577027208111      -0.80904041916031166     
   35.727969121803717      -0.72899711353759644     
   35.925361216399317      -0.63745713995974274     
   36.122753310994916      -0.53586413313905068     
   36.320145405590516      -0.42582026939171241     
   36.517537500186123      -0.30906099945625581     
   36.714929594781715      -0.18742767950482234     
   36.912321689377315       -6.2838531970906344E-002
   37.109713783972921        6.2741605843156620E-002
   37.307105878568521       0.18733226829833227     
   37.504497973164121       0.30896859441652286     
   37.701890067759720       0.42573231478269274     
   37.899282162355320       0.53578200367156514     
   38.096674256950926       0.63738211930679745     
   38.294066351546526       0.72893037427236407     
   38.491458446142119       0.80898300443028826     
   38.688850540737725       0.87627753784056217     
   38.886242635333325       0.92975270460541004     
   39.083634729928924       0.96856517364921413     
   39.281026824524524       0.99210285248635355     
