   0.0000000000000000        1.0000000000000000     
  0.19739209459560064        1.0000000000000000     
  0.39478418919120128       0.98420863278531656     
  0.59217628378680187       0.95262589835594957     
  0.78956837838240257       0.90550116399040814     
  0.98696047297800316       0.84333316424571014     
   1.1843525675736037       0.76686606310711625     
   1.3817446621692044       0.67708157828759741     
   1.5791367567648051       0.57518722986107540     
   1.7765288513604056       0.46260083759751652     
   1.9739209459560063       0.34093145257002488     
   2.1713130405516070       0.21195696784221069     
   2.3687051351472075        7.7598709351827777E-002
   2.5660972297428084       -6.0106639451462357E-002
   2.7634893243384089      -0.19903737796951268     
   2.9608814189340094      -0.33701895047194441     
   3.1582735135296103      -0.47185745064941176     
   3.3556656081252108      -0.60137396082166950     
   3.5530577027208112      -0.72343919671773793     
   3.7504497973164121      -0.83600791556512277     
   3.9478418919120126      -0.93715254039964213     
   4.1452339865076135       -1.0250954572450905     
   4.3426260811032140       -1.0982394541889147     
   4.5400181756988145       -1.1551957923372778     
   4.7374102702944150       -1.1948094279748900     
   4.9348023648900154       -1.2161809426508472     
   5.1321944594856168       -1.2186847828980869     
   5.3295865540812173       -1.2019834632804272     
   5.5269786486768178       -1.1660374447370769     
   5.7243707432724182       -1.1111104639390885     
   5.9217628378680187       -1.0377701576651857     
   6.1191549324636192      -0.94688389803914341     
   6.3165470270592206      -0.83960982876897017     
   6.5139391216548210      -0.71738316815518988     
   6.7113312162504215      -0.58189792041826127     
   6.9087233108460220      -0.43508421163936106     
   7.1061154054416225      -0.27908153911767541     
   7.3035075000372238      -0.11620829204068156     
   7.5008995946328243        5.1072034103358560E-002
   7.6982916892284248       0.22018744806040427     
   7.8956837838240252       0.38849636477252303     
   8.0930758784196257       0.55332822063625586     
   8.2904679730152271       0.71202518774229617     
   8.4878600676108267       0.86198434572602201     
   8.6852521622064280        1.0006996525040053     
   8.8826442568020276        1.1258030479453203     
   9.0800363513976290        1.2351040277023384     
   9.2774284459932304        1.3266270381178420     
   9.4748205405888299        1.3986460672835634     
   9.6722126351844313        1.4497158417334381     
   9.8696047297800309        1.4786990825314652     
   10.066996824375632        1.4847893281157356     
   10.264388918971234        1.4675288934877360     
   10.461781013566833        1.4268216053430176     
   10.659173108162435        1.3629400295430762     
   10.856565202758034        1.2765269898233191     
   11.053957297353636        1.1685912636054558     
   11.251349391949237        1.0404974309318380     
   11.448741486544836       0.89394994449075527     
   11.646133581140438       0.73097158103189319     
   11.843525675736037       0.55387652572803170     
   12.040917770331639       0.36523842976459775     
   12.238309864927238       0.16785386619179940     
   12.435701959522840       -3.5298311546326067E-002
   12.633094054118441      -0.24110113132389061     
   12.830486148714041      -0.44634654250176875     
   13.027878243309642      -0.64778463717903567     
   13.225270337905242      -0.84217430969865292     
   13.422662432500843       -1.0263345771365455     
   13.620054527096444       -1.1971957607912140     
   13.817446621692044       -1.3518497182531926     
   14.014838716287645       -1.4875983178286547     
   14.212230810883245       -1.6019993620841142     
   14.409622905478846       -1.6929091950347961     
   14.607015000074448       -1.7585212677811191     
   14.804407094670047       -1.7973999897675332     
   15.001799189265649       -1.8085092566595851     
   15.199191283861248       -1.7912351202815493     
   15.396583378456850       -1.7454021501204480     
   15.593975473052451       -1.6712831284071428     
   15.791367567648050       -1.5696018204039877     
   15.988759662243652       -1.4415286668004503     
   16.186151756839251       -1.2886693544700778     
   16.383543851434851       -1.1130463336117664     
   16.580935946030454      -0.91707346175870885     
   16.778328040626054      -0.70352406652463084     
   16.975720135221653      -0.47549282749308008     
   17.173112229817256      -0.23635198158267146     
   17.370504324412856        1.0297546174628552E-002
   17.567896419008456       0.26067939486501868     
   17.765288513604055       0.51089863122235502     
   17.962680608199658       0.75700138353007640     
   18.160072702795258       0.99503634794268636     
   18.357464797390858        1.2211172255259495     
   18.554856891986461        1.4314851187468920     
   18.752248986582060        1.6225699014473789     
   18.949641081177660        1.7910495769753787     
   19.147033175773263        1.9339066553581303     
   19.344425270368863        2.0484806121711601     
   19.541817364964462        2.1325155388305093     
   19.739209459560062        2.1842021559109042     
   19.936601554155665        2.2022134370266078     
   20.133993648751265        2.1857331798272193     
   20.331385743346864        2.1344769615586330     
   20.528777837942467        2.0487050280140773     
   20.726169932538067        1.9292267849582676     
   20.923562027133666        1.7773966884905192     
   21.120954121729266        1.5951014634210916     
   21.318346216324869        1.3847387145575478     
   21.515738310920469        1.1491871327404426     
   21.713130405516068       0.89176863338537027     
   21.910522500111671       0.61620289801880435     
   22.107914594707271       0.32655491669191361     
   22.305306689302871        2.7176249123655793E-002
   22.502698783898474      -0.27735916704984442     
   22.700090878494073      -0.58232373335277399     
   22.897482973089673      -0.88290841919846075     
   23.094875067685273       -1.1742974171329483     
   23.292267162280876       -1.4517440840029374     
   23.489659256876475       -1.7106469891397258     
   23.687051351472075       -1.9466248703442794     
   23.884443446067678       -2.1555892967686350     
   24.081835540663278       -2.3338138550361482     
   24.279227635258877       -2.4779987111543469     
   24.476619729854477       -2.5853294556769537     
   24.674011824450080       -2.6535292125942096     
   24.871403919045679       -2.6809030827059330     
   25.068796013641279       -2.6663740986066915     
   25.266188108236882       -2.6095099894614635     
   25.463580202832485       -2.5105401877934166     
   25.660972297428081       -2.3703626556313990     
   25.858364392023681       -2.1905402614567153     
   26.055756486619284       -1.9732866001549836     
   26.253148581214887       -1.7214413131860402     
   26.450540675810483       -1.4384351328942353     
   26.647932770406083       -1.1282450406873825     
   26.845324865001686      -0.79534009108249482     
   27.042716959597289      -0.44461860973196721     
   27.240109054192889       -8.1337620942596112E-002
   27.437501148788485       0.28896450358353448     
   27.634893243384088       0.66055106035033839     
   27.832285337979691        1.0275744725290461     
   28.029677432575291        1.3841668803497129     
   28.227069527170887        1.7245324823342389     
   28.424461621766490        2.0430401968247596     
   28.621853716362093        2.3343151856130908     
   28.819245810957693        2.5933277764190032     
   29.016637905553289        2.8154783389340872     
   29.214030000148895        2.9966767102237002     
   29.411422094744498        3.1334148291782178     
   29.608814189340094        3.2228313257779031     
   29.806206283935694        3.2627669181741008     
   30.003598378531297        3.2518095976339545     
   30.200990473126900        3.1893287265529997     
   30.398382567722496        3.0754973360035751     
   30.595774662318096        2.9113020843648130     
   30.793166756913699        2.6985405249254377     
   30.990558851509302        2.4398055251989845     
   31.187950946104902        2.1384568810997289     
   31.385343040700498        1.7985803720196423     
   31.582735135296101        1.4249347050573431     
   31.780127229891704        1.0228869949753598     
   31.977519324487304       0.59833761770886928     
   32.174911419082903       0.15763545628559877     
   32.372303513678503      -0.29251527417727141     
   32.569695608274110      -0.74515528401640174     
   32.767087702869702       -1.1931760777450950     
   32.964479797465302       -1.6294298507519234     
   33.161871892060908       -2.0468417421633034     
   33.359263986656508       -2.4385227084508929     
   33.556656081252108       -2.7978812451576389     
   33.754048175847707       -3.1187321743138927     
   33.951440270443307       -3.3954007333047862     
   34.148832365038913       -3.6228202472868407     
   34.346224459634513       -3.7966217414482739     
   34.543616554230105       -3.9132139507320103     
   34.741008648825712       -3.9698523119212856     
   34.938400743421312       -3.9646956746249296     
   35.135792838016911       -3.8968496416829641     
   35.333184932612511       -3.7663956434485293     
   35.530577027208111       -3.5744050615418712     
   35.727969121803717       -3.3229379429537333     
   35.925361216399317       -3.0150260814647645     
   36.122753310994916       -2.6546404866870081     
   36.320145405590516       -2.2466435078949933     
   36.517537500186123       -1.7967261263547381     
   36.714929594781715       -1.3113311721808283     
   36.912321689377315      -0.79756345596143507     
   37.109713783972921      -0.26308802766207307     
   37.307105878568521       0.28398201804738799     
   37.504497973164121       0.83520658341144760     
   37.701890067759720        1.3819466844461541     
   37.899282162355320        1.9154977316220891     
   38.096674256950926        2.4272259512328205     
   38.294066351546526        2.9087058427646144     
   38.491458446142119        3.3518565179874815     
   38.688850540737725        3.7490747511277571     
   38.886242635333325        4.0933625871415620     
   39.083634729928924        4.3784474070450106     
   39.281026824524524        4.5988924351920595     
