   0.00000000       0.00000000    
   4.99999989E-03   1.57073177E-02
   9.99999978E-03   3.14107612E-02
   1.49999997E-02   4.71064523E-02
   1.99999996E-02   6.27905205E-02
   2.49999985E-02   7.84590915E-02
   2.99999993E-02   9.41083133E-02
   3.50000001E-02  0.109734312    
   3.99999991E-02  0.125333235    
   4.49999981E-02  0.140901223    
   4.99999970E-02  0.156434461    
   5.49999997E-02  0.171929106    
   5.99999987E-02  0.187381312    
   6.49999976E-02  0.202787295    
   7.00000003E-02  0.218143240    
   7.49999955E-02  0.233445361    
   7.99999982E-02  0.248689905    
   8.50000009E-02  0.263873070    
   8.99999961E-02  0.278991103    
   9.49999988E-02  0.294040322    
   9.99999940E-02  0.309016973    
  0.104999997      0.323917419    
  0.109999999      0.338737935    
  0.114999995      0.353474855    
  0.119999997      0.368124545    
  0.125000000      0.382683456    
  0.129999995      0.397147894    
  0.134999990      0.411514342    
  0.140000001      0.425779283    
  0.144999996      0.439939171    
  0.149999991      0.453990489    
  0.155000001      0.467929840    
  0.159999996      0.481753707    
  0.164999992      0.495458633    
  0.170000002      0.509041429    
  0.174999997      0.522498548    
  0.179999992      0.535826802    
  0.185000002      0.549022794    
  0.189999998      0.562083364    
  0.194999993      0.575005233    
  0.199999988      0.587785244    
  0.204999998      0.600420237    
  0.209999993      0.612907052    
  0.214999989      0.625242651    
  0.219999999      0.637424052    
  0.224999994      0.649448037    
  0.229999989      0.661311865    
  0.234999999      0.673012495    
  0.239999995      0.684547126    
  0.244999990      0.695912778    
  0.250000000      0.707106769    
  0.254999995      0.718126297    
  0.259999990      0.728968620    
  0.264999986      0.739631057    
  0.269999981      0.750111043    
  0.275000006      0.760406017    
  0.280000001      0.770513237    
  0.284999996      0.780430436    
  0.289999992      0.790154994    
  0.294999987      0.799684644    
  0.299999982      0.809017003    
  0.305000007      0.818149745    
  0.310000002      0.827080607    
  0.314999998      0.835807383    
  0.319999993      0.844327927    
  0.324999988      0.852640152    
  0.329999983      0.860741973    
  0.334999979      0.868631482    
  0.340000004      0.876306713    
  0.344999999      0.883765697    
  0.349999994      0.891006529    
  0.354999989      0.898027539    
  0.359999985      0.904827058    
  0.364999980      0.911403298    
  0.370000005      0.917754650    
  0.375000000      0.923879504    
  0.379999995      0.929776490    
  0.384999990      0.935444057    
  0.389999986      0.940880775    
  0.394999981      0.946085393    
  0.399999976      0.951056480    
  0.405000001      0.955793023    
  0.409999996      0.960293710    
  0.414999992      0.964557409    
  0.419999987      0.968583167    
  0.424999982      0.972369909    
  0.429999977      0.975916743    
  0.435000002      0.979222834    
  0.439999998      0.982287288    
  0.444999993      0.985109329    
  0.449999988      0.987688363    
  0.454999983      0.990023673    
  0.459999979      0.992114723    
  0.465000004      0.993960977    
  0.469999999      0.995561957    
  0.474999994      0.996917307    
  0.479999989      0.998026729    
  0.484999985      0.998889863    
  0.489999980      0.999506533    
  0.494999975      0.999876618    
  0.500000000       1.00000000    
  0.504999995      0.999876618    
  0.509999990      0.999506533    
  0.514999986      0.998889863    
  0.519999981      0.998026729    
  0.524999976      0.996917307    
  0.529999971      0.995561957    
  0.534999967      0.993960977    
  0.539999962      0.992114723    
  0.545000017      0.990023673    
  0.550000012      0.987688303    
  0.555000007      0.985109329    
  0.560000002      0.982287228    
  0.564999998      0.979222834    
  0.569999993      0.975916743    
  0.574999988      0.972369909    
  0.579999983      0.968583167    
  0.584999979      0.964557409    
  0.589999974      0.960293710    
  0.594999969      0.955793023    
  0.599999964      0.951056540    
  0.604999959      0.946085393    
  0.610000014      0.940880775    
  0.615000010      0.935443997    
  0.620000005      0.929776430    
  0.625000000      0.923879504    
  0.629999995      0.917754591    
  0.634999990      0.911403298    
  0.639999986      0.904826999    
  0.644999981      0.898027539    
  0.649999976      0.891006589    
  0.654999971      0.883765697    
  0.659999967      0.876306713    
  0.664999962      0.868631542    
  0.669999957      0.860742092    
  0.675000012      0.852640092    
  0.680000007      0.844327867    
  0.685000002      0.835807264    
  0.689999998      0.827080488    
  0.694999993      0.818149745    
  0.699999988      0.809017003    
  0.704999983      0.799684703    
  0.709999979      0.790155053    
  0.714999974      0.780430436    
  0.719999969      0.770513237    
  0.724999964      0.760405958    
  0.729999959      0.750111103    
  0.734999955      0.739631116    
  0.740000010      0.728968620    
  0.745000005      0.718126297    
  0.750000000      0.707106769    
  0.754999995      0.695912778    
  0.759999990      0.684547067    
  0.764999986      0.673012495    
  0.769999981      0.661311865    
  0.774999976      0.649448037    
  0.779999971      0.637423933    
  0.784999967      0.625242591    
  0.789999962      0.612906992    
  0.794999957      0.600420356    
  0.799999952      0.587785363    
  0.805000007      0.575005174    
  0.810000002      0.562083304    
  0.814999998      0.549022734    
  0.819999993      0.535826743    
  0.824999988      0.522498488    
  0.829999983      0.509041309    
  0.834999979      0.495458573    
  0.839999974      0.481753767    
  0.844999969      0.467929900    
  0.849999964      0.453990579    
  0.854999959      0.439939260    
  0.859999955      0.425779372    
  0.865000010      0.411514223    
  0.870000005      0.397147745    
  0.875000000      0.382683277    
  0.879999995      0.368124396    
  0.884999990      0.353474885    
  0.889999986      0.338737965    
  0.894999981      0.323917449    
  0.899999976      0.309017032    
  0.904999971      0.294040352    
  0.909999967      0.278991133    
  0.914999962      0.263873070    
  0.919999957      0.248689905    
  0.924999952      0.233445376    
  0.930000007      0.218143240    
  0.935000002      0.202787295    
  0.939999998      0.187381297    
  0.944999993      0.171929076    
  0.949999988      0.156434447    
  0.954999983      0.140901208    
  0.959999979      0.125333205    
  0.964999974      0.109734267    
  0.969999969       9.41082612E-02
  0.974999964       7.84590393E-02
  0.979999959       6.27904609E-02
  0.984999955       4.71066199E-02
  0.989999950       3.14109214E-02
  0.995000005       1.57072358E-02
   1.00000000      -8.74227766E-08
