   6.28318563E-02   9.37096905E+24
  0.125663713       9.37096905E+24
  0.188495576       9.37096905E+24
  0.251327425       9.37096905E+24
  0.314159274       9.37096905E+24
  0.376991153       9.37096905E+24
  0.439823002       9.37096905E+24
  0.502654850       9.37096905E+24
  0.565486729       9.37096905E+24
  0.628318548       9.37096905E+24
  0.691150427       9.37096905E+24
  0.753982306       9.37096905E+24
  0.816814125       9.37096905E+24
  0.879646003       9.37096905E+24
  0.942477822       9.37096905E+24
   1.00530970       9.37096905E+24
   1.06814158       9.37096905E+24
   1.13097346       9.37096905E+24
   1.19380522       9.37096905E+24
   1.25663710       9.37096905E+24
   1.31946898       9.37096905E+24
   1.38230085       9.37096905E+24
   1.44513273       9.37096905E+24
   1.50796461       9.37096905E+24
   1.57079637       9.37096905E+24
   1.63362825       9.37096905E+24
   1.69646013       9.37096905E+24
   1.75929201       9.37096905E+24
   1.82212389       9.37096905E+24
   1.88495564       9.37096905E+24
   1.94778752       9.37096905E+24
   2.01061940       9.37096905E+24
   2.07345128       9.37096905E+24
   2.13628316       9.37096905E+24
   2.19911504       9.37096905E+24
   2.26194692       9.37096905E+24
   2.32477880       9.37096905E+24
   2.38761044       9.37096905E+24
   2.45044231       9.37096905E+24
   2.51327419       9.37096905E+24
   2.57610607       9.37096905E+24
   2.63893795       9.37096905E+24
   2.70176983       9.37096905E+24
   2.76460171       9.37096905E+24
   2.82743359       9.37096905E+24
   2.89026546       9.37096905E+24
   2.95309734       9.37096905E+24
   3.01592922       9.37096905E+24
   3.07876086       9.37096905E+24
   3.14159274       9.37096905E+24
   3.20442462       9.37096905E+24
   3.26725650       9.37096905E+24
   3.33008838       9.37096905E+24
   3.39292026       9.37096905E+24
   3.45575213       9.37096905E+24
   3.51858401       9.37096905E+24
   3.58141589       9.37096905E+24
   3.64424777       9.37096905E+24
   3.70707941       9.37096905E+24
   3.76991129       9.37096905E+24
   3.83274317       9.37096905E+24
   3.89557505       9.37096905E+24
   3.95840693       9.37096905E+24
   4.02123880       9.37096905E+24
   4.08407068       9.37096905E+24
   4.14690256       9.37096905E+24
   4.20973444       9.37096905E+24
   4.27256632       9.37096905E+24
   4.33539820       9.37096905E+24
   4.39823008       9.37096905E+24
   4.46106195       9.37096905E+24
   4.52389383       9.37096905E+24
   4.58672571       9.37096905E+24
   4.64955759       9.37096905E+24
   4.71238899       9.37096905E+24
   4.77522087       9.37096905E+24
   4.83805275       9.37096905E+24
   4.90088463       9.37096905E+24
   4.96371651       9.37096905E+24
   5.02654839       9.37096905E+24
   5.08938026       9.37096905E+24
   5.15221214       9.37096905E+24
   5.21504402       9.37096905E+24
   5.27787590       9.37096905E+24
   5.34070778       9.37096905E+24
   5.40353966       9.37096905E+24
   5.46637154       9.37096905E+24
   5.52920341       9.37096905E+24
   5.59203529       9.37096905E+24
   5.65486717       9.37096905E+24
   5.71769905       9.37096905E+24
   5.78053093       9.37096905E+24
   5.84336281       9.37096905E+24
   5.90619469       9.37096905E+24
   5.96902657       9.37096905E+24
   6.03185844       9.37096905E+24
   6.09468985       9.37096905E+24
   6.15752172       9.37096905E+24
   6.22035360       9.37096905E+24
   6.28318548       9.37096905E+24
