 a,b, x(i),error
   0.00000000       4.00000000       2.00000000       1.00000000    
   2.00000000       4.00000000       3.00000000      0.333333343    
   3.00000000       4.00000000       3.50000000      0.142857149    
   3.50000000       4.00000000       3.75000000       6.66666701E-02
   3.75000000       4.00000000       3.87500000       3.22580636E-02
   3.87500000       4.00000000       3.93750000       1.58730168E-02
   3.93750000       4.00000000       3.96875000       7.87401572E-03
   3.96875000       4.00000000       3.98437500       3.92156886E-03
   3.98437500       4.00000000       3.99218750       1.95694715E-03
   3.99218750       4.00000000       3.99609375       9.77517106E-04
   3.99609375       4.00000000       3.99804688       4.88519785E-04
   3.99804688       4.00000000       3.99902344       2.44200259E-04
   3.99902344       4.00000000       3.99951172       1.22085214E-04
   3.99951172       4.00000000       3.99975586       6.10388815E-05
   3.99975586       4.00000000       3.99987793       3.05185094E-05
   3.99987793       4.00000000       3.99993896       1.52590219E-05
   3.99993896       4.00000000       3.99996948       7.62945274E-06
   3.99996948       4.00000000       3.99998474       3.81471182E-06
   3.99998474       4.00000000       3.99999237       1.90735227E-06
   3.99999237       4.00000000       3.99999619       9.53675226E-07
