  -2.0000000000000000        2.9238270654228966E-039
  -1.9800000004470348        3.1718285494398598E-038
  -1.9600000008940697        3.3325011113893540E-037
  -1.9400000013411045        3.3910444236300590E-036
  -1.9200000017881393        3.3419444955366127E-035
  -1.9000000022351742        3.1898301844866726E-034
  -1.8800000026822090        2.9487535124539771E-033
  -1.8600000031292439        2.6400488098483388E-032
  -1.8400000035762787        2.2892225672829999E-031
  -1.8200000040233135        1.9225013703206189E-030
  -1.8000000044703484        1.5636799757961131E-029
  -1.7800000049173832        1.2317758030552460E-028
  -1.7600000053644180        9.3976234544738698E-028
  -1.7400000058114529        6.9439564418381381E-027
  -1.7200000062584877        4.9693377276491129E-026
  -1.7000000067055225        3.4442337342126884E-025
  -1.6800000071525574        2.3120078054732550E-024
  -1.6600000075995922        1.5031023473665657E-023
  -1.6400000080466270        9.4643411696556741E-023
  -1.6200000084936619        5.7715810496429843E-022
  -1.6000000089406967        3.4088020899651757E-021
  -1.5800000093877316        1.9498955733225516E-020
  -1.5600000098347664        1.0802480634238111E-019
  -1.5400000102818012        5.7961313226250456E-019
  -1.5200000107288361        3.0120037912087397E-018
  -1.5000000111758709        1.5159168797371367E-017
  -1.4800000116229057        7.3892071319049932E-017
  -1.4600000120699406        3.4883726258689797E-016
  -1.4400000125169754        1.5949624981881186E-015
  -1.4200000129640102        7.0628610054211140E-015
  -1.4000000134110451        3.0290986697517573E-014
  -1.3800000138580799        1.2581973268040287E-013
  -1.3600000143051147        5.0615866176466407E-013
  -1.3400000147521496        1.9720919735076109E-012
  -1.3200000151991844        7.4416670460881708E-012
  -1.3000000156462193        2.7196679395155891E-011
  -1.2800000160932541        9.6264044742759445E-011
  -1.2600000165402889        3.3000073459300927E-010
  -1.2400000169873238        1.0956410234377448E-009
  -1.2200000174343586        3.5230940779922090E-009
  -1.2000000178813934        1.0971923555396432E-008
  -1.1800000183284283        3.3093590068112361E-008
  -1.1600000187754631        9.6673528455970532E-008
  -1.1400000192224979        2.7351039350133108E-007
  -1.1200000196695328        7.4945002051954105E-007
  -1.1000000201165676        1.9889052516982789E-006
  -1.0800000205636024        5.1119675744638088E-006
  -1.0600000210106373        1.2725201367969182E-005
  -1.0400000214576721        3.0679184681006018E-005
  -1.0200000219047070        7.1635045531335810E-005
  -1.0000000223517418        1.6199807203014588E-004
 -0.98000002279877663        3.5481071592874630E-004
 -0.96000002324581146        7.5263807844234087E-004
 -0.94000002369284630        1.5462446971259551E-003
 -0.92000002413988113        3.0766127585669600E-003
 -0.90000002458691597        5.9288440556790117E-003
 -0.88000002503395081        1.1065468221679954E-002
 -0.86000002548098564        2.0001940930058849E-002
 -0.84000002592802048        3.5016848940641061E-002
 -0.82000002637505531        5.9372394186068413E-002
 -0.80000002682209015        9.7497760203724831E-002
 -0.78000002726912498       0.15506268249629415     
 -0.76000002771615982       0.23884850310033467     
 -0.74000002816319466       0.35632010866272645     
 -0.72000002861022949       0.51482629147573455     
 -0.70000002905726433       0.72041654848591297     
 -0.68000002950429916       0.97635829476524949     
 -0.66000002995133400        1.2815552594962496     
 -0.64000003039836884        1.6291761046411839     
 -0.62000003084540367        2.0058631645002643     
 -0.60000003129243851        2.3918676872865920     
 -0.58000003173947334        2.7623301121424984     
 -0.56000003218650818        3.0897019060534845     
 -0.54000003263354301        3.3470342853773842     
 -0.52000003308057785        3.5116103354252131     
 -0.50000003352761269        3.5682481826576065     
 -0.48000003397464752        3.5116107121801403     
 -0.46000003442168236        3.3470350035730876     
 -0.44000003486871719        3.0897029005207788     
 -0.42000003531575203        2.7623312976062038     
 -0.40000003576278687        2.3918689703847225     
 -0.38000003620982170        2.0058644557352743     
 -0.36000003665685654        1.6291773281830499     
 -0.34000003710389137        1.2815563594643991     
 -0.32000003755092621       0.97635923753261045     
 -0.30000003799796104       0.72041732140941472     
 -0.28000003844499588       0.51482689905963652     
 -0.26000003889203072       0.35632056741101531     
 -0.24000003933906555       0.23884883623419584     
 -0.22000003978610039       0.15506291540635780     
 -0.20000004023313522        9.7497917109470311E-002
 -0.18000004068017006        5.9372496105623014E-002
 -0.16000004112720490        3.5016912808003238E-002
 -0.14000004157423973        2.0001979557653402E-002
 -0.12000004202127457        1.1065490778425398E-002
 -0.10000004246830940        5.9288567776115556E-003
  -8.0000042915344238E-002   3.0766196903541324E-003
  -6.0000043362379074E-002   1.5462483467994716E-003
  -4.0000043809413910E-002   7.5263993567861905E-004
  -2.0000044256448746E-002   3.5481162953934287E-004
  -4.4703483581542969E-008   1.6199850654340800E-004
   1.9999954849481583E-002   7.1635245357381630E-005
   3.9999954402446747E-002   3.0679273552157348E-005
   5.9999953955411911E-002   1.2725239595473576E-005
   7.9999953508377075E-002   5.1119834796721861E-006
   9.9999953061342239E-002   1.9889116532999546E-006
  0.11999995261430740        7.4945251314881627E-007
  0.13999995216727257        2.7351133252633709E-007
  0.15999995172023773        9.6673870730733710E-008
  0.17999995127320290        3.3093710787268637E-008
  0.19999995082616806        1.0971964756062036E-008
  0.21999995037913322        3.5231076855497386E-009
  0.23999994993209839        1.0956453727788590E-009
  0.25999994948506355        3.3000207999475879E-010
  0.27999994903802872        9.6264447536043372E-011
  0.29999994859099388        2.7196796110889573E-011
  0.31999994814395905        7.4416997807339889E-012
  0.33999994769692421        1.9721008599930597E-012
  0.35999994724988937        5.0616099688211960E-013
  0.37999994680285454        1.2582032663747720E-013
  0.39999994635581970        3.0291132942031037E-014
  0.41999994590878487        7.0628958625941087E-015
  0.43999994546175003        1.5949705408910644E-015
  0.45999994501471519        3.4883905904802833E-016
  0.47999994456768036        7.3892459780262762E-017
  0.49999994412064552        1.5159250117706064E-017
  0.51999994367361069        3.0120202720538492E-018
  0.53999994322657585        5.7961636593007837E-019
  0.55999994277954102        1.0802542060374552E-019
  0.57999994233250618        1.9499068702143869E-020
  0.59999994188547134        3.4088222048873951E-021
  0.61999994143843651        5.7716157262606186E-022
  0.63999994099140167        9.4643990484092652E-023
  0.65999994054436684        1.5031117007878884E-023
  0.67999994009733200        2.3120224405593540E-024
  0.69999993965029716        3.4442559058550135E-025
  0.71999993920326233        4.9693702500327635E-026
  0.73999993875622749        6.9440026323442543E-027
  0.75999993830919266        9.3976869747908022E-028
  0.77999993786215782        1.2317842610173121E-028
  0.79999993741512299        1.5636908805368638E-029
  0.81999993696808815        1.9225149836618493E-030
  0.83999993652105331        2.2892390230065032E-031
  0.85999993607401848        2.6400680706807546E-032
  0.87999993562698364        2.9487753418524626E-033
  0.89999993517994881        3.1898541407916606E-034
  0.91999993473291397        3.3419699528069680E-035
  0.93999993428587914        3.3910706187416635E-036
  0.95999993383884430        3.3325272118074216E-037
  0.97999993339180946        3.1718537317603485E-038
  0.99999993294477463        2.9238505924629933E-039
   1.0199999324977398        2.6103562290701975E-040
   1.0399999320507050        2.2570800267210497E-041
   1.0599999316036701        1.8901519295200342E-042
   1.0799999311566353        1.5330243302427606E-043
   1.0999999307096004        1.2042147937833034E-044
   1.1199999302625656        9.1613915759181962E-046
   1.1399999298155308        6.7502757043609876E-047
   1.1599999293684959        4.8170832680953206E-048
   1.1799999289214611        3.3292727271429041E-049
   1.1999999284744263        2.2285232522772348E-050
   1.2199999280273914        1.4447328366594845E-051
   1.2399999275803566        9.0711112844749931E-053
   1.2599999271333218        5.5161494392567681E-054
   1.2799999266862869        3.2487338140855371E-055
   1.2999999262392521        1.8530827422428921E-056
   1.3199999257922173        1.0237126536126160E-057
   1.3399999253451824        5.4772669568799237E-059
   1.3599999248981476        2.8382609555360304E-060
   1.3799999244511127        1.4244372243119476E-061
   1.3999999240040779        6.9236783385761375E-063
   1.4199999235570431        3.2593652358018421E-064
   1.4399999231100082        1.4860442862274236E-065
   1.4599999226629734        6.5619520498443633E-067
   1.4799999222159386        2.8063183114115698E-068
   1.4999999217689037        1.1623673027393841E-069
   1.5199999213218689        4.6628604354923985E-071
   1.5399999208748341        1.8116071491614575E-072
   1.5599999204277992        6.8167632694402163E-074
   1.5799999199807644        2.4842481538132597E-075
   1.5999999195337296        8.7682781156167182E-077
   1.6199999190866947        2.9973415525336647E-078
   1.6399999186396599        9.9234053003121210E-080
   1.6599999181926250        3.1819093433580760E-081
   1.6799999177455902        9.8813765985702981E-083
   1.6999999172985554        2.9720059746675895E-084
   1.7199999168515205        8.6573401630889056E-086
   1.7399999164044857        2.4424285239250237E-087
   1.7599999159574509        6.6736253405122675E-089
   1.7799999155104160        1.7660555387488336E-090
   1.7999999150633812        4.5263639357940275E-092
   1.8199999146163464        1.1235623034283483E-093
   1.8399999141693115        2.7011420691703111E-095
   1.8599999137222767        6.2892704599427652E-097
   1.8799999132752419        1.4182594722454886E-098
   1.8999999128282070        3.0975169498323104E-100
   1.9199999123811722        6.5520057137733252E-102
   1.9399999119341373        1.3422623873344126E-103
   1.9599999114871025        2.6631961294478812E-105
   1.9799999110400677        5.1176603423758445E-107
   1.9999999105930328        9.5245034456407434E-109
   2.0199999101459980        1.7167845853266704E-110
   2.0399999096989632        2.9970352041299328E-112
   2.0599999092519283        5.0672281734176165E-114
   2.0799999088048935        8.2975839344949318E-116
   2.0999999083578587        1.3159379904668036E-117
   2.1199999079108238        2.0212580981375885E-119
   2.1399999074637890        3.0068426241704924E-121
   2.1599999070167542        4.3321371800714220E-123
   2.1799999065697193        6.0449996485393218E-125
   2.1999999061226845        8.1694522124317081E-127
   2.2199999056756496        1.0692817896062476E-128
   2.2399999052286148        1.3554827085053314E-130
   2.2599999047815800        1.6641726111132051E-132
   2.2799999043345451        1.9788156465244490E-134
   2.2999999038875103        2.2788454807030676E-136
   2.3199999034404755        2.5417158570337746E-138
   2.3399999029934406        2.7456280024164174E-140
   2.3599999025464058        2.8724929394445239E-142
   2.3799999020993710        2.9105751789997046E-144
   2.3999999016523361        2.8562830994063287E-146
   2.4199999012053013        2.7147275862034252E-148
   2.4399999007582664        2.4989285524319704E-150
   2.4599999003112316        2.2278400120581465E-152
   2.4799998998641968        1.9236087201895696E-154
   2.4999998994171619        1.6086147697222351E-156
   2.5199998989701271        1.3028365801080675E-158
   2.5399998985230923        1.0219518002111681E-160
   2.5599998980760574        7.7637842718870067E-163
   2.5799998976290226        5.7124062142253648E-165
   2.5999998971819878        4.0706830018216254E-167
   2.6199998967349529        2.8094290037010462E-169
   2.6399998962879181        1.8778954807318039E-171
   2.6599998958408833        1.2157026101509528E-173
   2.6799998953938484        7.6222968561816926E-176
   2.6999998949468136        4.6285711648861325E-178
   2.7199998944997787        2.7221409536381554E-180
   2.7399998940527439        1.5505181364669977E-182
   2.7599998936057091        8.5535356325641537E-185
   2.7799998931586742        4.5700090959652796E-187
   2.7999998927116394        2.3647815982577931E-189
   2.8199998922646046        1.1851343534531911E-191
   2.8399998918175697        5.7523686976997352E-194
   2.8599998913705349        2.7041353074094138E-196
   2.8799998909235001        1.2311549066263637E-198
   2.8999998904764652        5.4287464580445413E-201
   2.9199998900294304        2.3184033463179660E-203
   2.9399998895823956        9.5891697818883967E-206
   2.9599998891353607        3.8412767576612150E-208
   2.9799998886883259        1.4902967901432046E-210
   2.9999998882412910        5.5997999303978917E-213
   3.0199998877942562        2.0378622894007299E-215
   3.0399998873472214        7.1825677622910585E-218
   3.0599998869001865        2.4518122371019800E-220
   3.0799998864531517        8.1058257188315151E-223
   3.0999998860061169        2.5954334206506089E-225
   3.1199998855590820        8.0486881462376604E-228
