  -2.0000000000000000        2.6558491376636729E-010
  -1.9800000004470348        7.3945948215799573E-010
  -1.9600000008940697        1.5540480982513561E-009
  -1.9400000013411045        2.7505727795141732E-009
  -1.9200000017881393        3.9751085627381082E-009
  -1.9000000022351742        4.9125008704643876E-009
  -1.8800000026822090        5.5292734349690551E-009
  -1.8600000031292439        5.9189017270693367E-009
  -1.8400000035762787        6.1717827775607556E-009
  -1.8200000040233135        6.3449469943237985E-009
  -1.8000000044703484        6.4702517135970040E-009
  -1.7800000049173832        6.5653097488323269E-009
  -1.7600000053644180        6.6402093085492118E-009
  -1.7400000058114529        6.7010251833069349E-009
  -1.7200000062584877        6.7516053873999165E-009
  -1.7000000067055225        6.7945016262380761E-009
  -1.6800000071525574        6.8314747880837354E-009
  -1.6600000075995922        6.8637821268467575E-009
  -1.6400000080466270        6.8923461995402200E-009
  -1.6200000084936619        6.9178677763890670E-009
  -1.6000000089406967        6.9408687962088082E-009
  -1.5800000093877316        6.9618043057033485E-009
  -1.5600000098347664        6.9809363346299297E-009
  -1.5400000102818012        6.9986621182882877E-009
  -1.5200000107288361        7.0150654211876181E-009
  -1.5000000111758709        7.0302517115964186E-009
  -1.4800000116229057        7.0454408537249906E-009
  -1.4600000120699406        7.0567537686158436E-009
  -1.4400000125169754        7.0754858598430529E-009
  -1.4200000129640102        7.0758159635899662E-009
  -1.4000000134110451        7.1090219221753876E-009
  -1.3800000138580799        7.0912903437063942E-009
  -1.3600000143051147        7.1235842898346571E-009
  -1.3400000147521496        7.1767442347643173E-009
  -1.3200000151991844        6.9535779951483335E-009
  -1.3000000156462193        7.6649818718900920E-009
  -1.2800000160932541        6.1227489632539388E-009
  -1.2600000165402889        9.2733739553164476E-009
  -1.2400000169873238        4.7014548636792426E-009
  -1.2200000174343586        1.2239910699601725E-008
  -1.2000000178813934        1.0526200093853145E-008
  -1.1800000183284283        1.7949722293332412E-008
  -1.1600000187754631        7.5597878449835303E-008
  -1.1400000192224979        8.9968400100537236E-008
  -1.1200000196695328        4.9018895954118042E-007
  -1.1000000201165676        8.6745985207607426E-007
  -1.0800000205636024        2.9428043350790377E-006
  -1.0600000210106373        6.6309896223144749E-006
  -1.0400000214576721        1.7080529461032928E-005
  -1.0200000219047070        4.0588696294882292E-005
  -1.0000000223517418        9.2424842460958276E-005
 -0.98000002279877663        2.1082603171989706E-004
 -0.96000002324581146        4.4897495686917796E-004
 -0.94000002369284630        9.5511531667059923E-004
 -0.92000002413988113        1.9247196180920551E-003
 -0.90000002458691597        3.8088039961902565E-003
 -0.88000002503395081        7.2482634337220873E-003
 -0.86000002548098564        1.3391601525306142E-002
 -0.84000002592802048        2.3975808622555553E-002
 -0.82000002637505531        4.1489625966172922E-002
 -0.80000002682209015        6.9716336361198991E-002
 -0.78000002726912498       0.11318076255684073     
 -0.76000002771615982       0.17831957826663250     
 -0.74000002816319466       0.27171852113479183     
 -0.72000002861022949       0.40134142196160849     
 -0.70000002905726433       0.57396538396827601     
 -0.68000002950429916       0.79493541210440211     
 -0.66000002995133400        1.0667166262977992     
 -0.64000003039836884        1.3856569175357281     
 -0.62000003084540367        1.7442897100168475     
 -0.60000003129243851        2.1255403091415213     
 -0.58000003173947334        2.5096535754765186     
 -0.56000003218650818        2.8691456257184544     
 -0.54000003263354301        3.1772676085665577     
 -0.52000003308057785        3.4079084285746415     
 -0.50000003352761269        3.5395981008022956     
 -0.48000003397464752        3.5617420155571811     
 -0.46000003442168236        3.4699608099675818     
 -0.44000003486871719        3.2754308882120458     
 -0.42000003531575203        2.9934416970299322     
 -0.40000003576278687        2.6503509896258186     
 -0.38000003620982170        2.2724388021083355     
 -0.36000003665685654        1.8869959420382825     
 -0.34000003710389137        1.5180336851938152     
 -0.32000003755092621        1.1821777255377848     
 -0.30000003799796104       0.89232207060937063     
 -0.28000003844499588       0.65172159984307110     
 -0.26000003889203072       0.46150982421082043     
 -0.24000003933906555       0.31619376808892619     
 -0.22000003978610039       0.20998859662789349     
 -0.20000004023313522       0.13503722100598456     
 -0.18000004068017006        8.4024455329164777E-002
 -0.16000004112720490        5.0798574349298305E-002
 -0.14000004157423973        2.9528158208564297E-002
 -0.12000004202127457        1.6880756212200962E-002
 -0.10000004246830940        9.0521783558052734E-003
  -8.0000042915344238E-002   5.0308004436459344E-003
  -6.0000043362379074E-002   2.3655637184653313E-003
  -4.0000043809413910E-002   1.2916748753272634E-003
  -2.0000044256448746E-002   7.9684827826334516E-004
  -4.4703483581542969E-008   2.2437265131911867E-004
   1.9999954849481583E-002   1.8475367134394449E-006
   3.9999954402446747E-002   2.5251617391262828E-005
   5.9999953955411911E-002   4.1325523925168388E-005
   7.9999953508377075E-002   2.3967505260076494E-005
   9.9999953061342239E-002   3.1342351596208660E-006
  0.11999995261430740        1.1727607702643757E-006
  0.13999995216727257        9.6519901915671235E-007
  0.15999995172023773        9.7654465418004435E-008
  0.17999995127320290        1.1605386255210679E-007
  0.19999995082616806        2.2556279449796488E-008
  0.21999995037913322        9.0313798490981492E-009
  0.23999994993209839        6.6804739240943350E-009
  0.25999994948506355        2.4901337150329284E-010
  0.27999994903802872        1.9562682853122140E-009
  0.29999994859099388        3.3295744897299429E-010
  0.31999994814395905        6.4085486387317484E-010
  0.33999994769692421        3.9819717476758888E-010
  0.35999994724988937        3.3446636225203908E-010
  0.37999994680285454        3.0993442421428331E-010
  0.39999994635581970        2.5134698427689352E-010
  0.41999994590878487        2.3652090359302148E-010
  0.43999994546175003        2.0892421852833055E-010
  0.45999994501471519        1.9402617910976123E-010
  0.47999994456768036        1.7978850671908810E-010
  0.49999994412064552        1.6865432041873249E-010
  0.51999994367361069        1.5962752469520949E-010
  0.53999994322657585        1.5195675941595054E-010
  0.55999994277954102        1.4565110025092394E-010
  0.57999994233250618        1.4026617040733242E-010
  0.59999994188547134        1.3570554845813605E-010
  0.61999994143843651        1.3178837789151356E-010
  0.63999994099140167        1.2840919364173436E-010
  0.65999994054436684        1.2547541562727607E-010
  0.67999994009733200        1.2291333500111898E-010
  0.69999993965029716        1.2066468983683359E-010
  0.71999993920326233        1.1868116211680476E-010
  0.73999993875622749        1.1692365605479313E-010
  0.75999993830919266        1.1535973738456534E-010
  0.77999993786215782        1.1396255298483899E-010
  0.79999993741512299        1.1270966917830066E-010
  0.81999993696808815        1.1158225348612610E-010
  0.83999993652105331        1.1056441244822311E-010
  0.85999993607401848        1.0964266395208233E-010
  0.87999993562698364        1.0880551843660011E-010
  0.89999993517994881        1.0804313990984972E-010
  0.91999993473291397        1.0734707237775000E-010
  0.93999993428587914        1.0671001680096906E-010
  0.95999993383884430        1.0612564865953551E-010
  0.97999993339180946        1.0558846784233771E-010
  0.99999993294477463        1.0509367457547895E-010
   1.0199999324977398        1.0463706641196938E-010
   1.0399999320507050        1.0421495227726926E-010
   1.0599999316036701        1.0382408053132251E-010
   1.0799999311566353        1.0346157843594476E-010
   1.0999999307096004        1.0312490107498663E-010
   1.1199999302625656        1.0281178807561559E-010
   1.1399999298155308        1.0252022681775842E-010
   1.1599999293684959        1.0224842103275438E-010
   1.1799999289214611        1.0199476393703555E-010
   1.1999999284744263        1.0175781518442622E-010
   1.2199999280273914        1.0153628098811575E-010
   1.2399999275803566        1.0132899697349673E-010
   1.2599999271333218        1.0113491333803236E-010
   1.2799999266862869        1.0095308195166253E-010
   1.2999999262392521        1.0078264513157127E-010
   1.3199999257922173        1.0062282586418745E-010
   1.3399999253451824        1.0047291923926300E-010
   1.3599999248981476        1.0033228494513500E-010
   1.3799999244511127        1.0020034068365461E-010
   1.3999999240040779        1.0007655637569205E-010
   1.4199999235570431        9.9960449049888507E-011
   1.4399999231100082        9.9851578331875980E-011
   1.4599999226629734        9.9749542455511082E-011
   1.4799999222159386        9.9653974730389178E-011
   1.4999999217689037        9.9564540410440273E-011
   1.5199999213218689        9.9480933908188314E-011
   1.5399999208748341        9.9402876340052224E-011
   1.5599999204277992        9.9330113313654831E-011
   1.5799999199807644        9.9262412987213667E-011
   1.5999999195337296        9.9199564338883862E-011
   1.6199999190866947        9.9141375613350940E-011
   1.6399999186396599        9.9087672970185824E-011
   1.6599999181926250        9.9038299264465883E-011
   1.6799999177455902        9.8993112979736795E-011
   1.6999999172985554        9.8951987283110004E-011
   1.7199999168515205        9.8914809197241128E-011
   1.7399999164044857        9.8881478892278188E-011
   1.7599999159574509        9.8851909055864286E-011
   1.7799999155104160        9.8826024374707830E-011
   1.7999999150633812        9.8803761085110323E-011
   1.8199999146163464        9.8785066619000110E-011
   1.8399999141693115        9.8769899324403549E-011
   1.8599999137222767        9.8758228254098744E-011
   1.8799999132752419        9.8750033051143564E-011
   1.8999999128282070        9.8745303873688666E-011
   1.9199999123811722        9.8744041419818588E-011
   1.9399999119341373        9.8746257017219896E-011
   1.9599999114871025        9.8751972784408896E-011
   1.9799999110400677        9.8761221890969308E-011
   1.9999999105930328        9.8774048877490612E-011
   2.0199999101459980        9.8790510079769911E-011
   2.0399999096989632        9.8810674145118829E-011
   2.0599999092519283        9.8834622642469090E-011
   2.0799999088048935        9.8862450808679762E-011
   2.0999999083578587        9.8894268396605137E-011
   2.1199999079108238        9.8930200673868826E-011
   2.1399999074637890        9.8970389580160397E-011
   2.1599999070167542        9.9014995042876491E-011
   2.1799999065697193        9.9064196515906018E-011
   2.1999999061226845        9.9118194715387418E-011
   2.2199999056756496        9.9177213636715272E-011
   2.2399999052286148        9.9241502855209756E-011
   2.2599999047815800        9.9311340154158111E-011
   2.2799999043345451        9.9387034577267286E-011
   2.2999999038875103        9.9468929902717934E-011
   2.3199999034404755        9.9557408667882267E-011
   2.3399999029934406        9.9652896832893876E-011
   2.3599999025464058        9.9755869136105034E-011
   2.3799999020993710        9.9866855355418093E-011
   2.3999999016523361        9.9986447583414770E-011
   2.4199999012053013        1.0011530871456144E-010
   2.4399999007582664        1.0025418241257890E-010
   2.4599999003112316        1.0040390482358993E-010
   2.4799998998641968        1.0056541841201618E-010
   2.4999998994171619        1.0073978837347644E-010
   2.5199998989701271        1.0092822215786126E-010
   2.5399998985230923        1.0113209287475513E-010
   2.5599998980760574        1.0135296736760510E-010
   2.5799998976290226        1.0159264017903360E-010
   2.5999998971819878        1.0185317477307002E-010
   2.6199998967349529        1.0213695388418197E-010
   2.6399998962879181        1.0244674134126095E-010
   2.6599998958408833        1.0278575844964760E-010
   2.6799998953938484        1.0315777892794696E-010
   2.6999998949468136        1.0356724763197752E-010
   2.7199998944997787        1.0401943006335159E-010
   2.7399998940527439        1.0452060185623927E-010
   2.7599998936057091        1.0507829079950145E-010
   2.7799998931586742        1.0570158863512944E-010
   2.7999998927116394        1.0640155755405239E-010
   2.8199998922646046        1.0719177025509866E-010
   2.8399998918175697        1.0808905368435441E-010
   2.8599998913705349        1.0911458934878778E-010
   2.8799998909235001        1.1029577855322390E-010
   2.8999998904764652        1.1167015066388604E-010
   2.9199998900294304        1.1329577487715436E-010
   2.9399998895823956        1.1528486860336968E-010
   2.9599998891353607        1.1792511123431421E-010
   2.9799998886883259        1.2213023042268452E-010
   2.9999998882412910        1.3097249203911249E-010
   3.0199998877942562        1.5327274624519376E-010
   3.0399998873472214        2.0141595028644933E-010
   3.0599998869001865        2.3646479408064204E-010
   3.0799998864531517        1.1486554357681729E-010
   3.0999998860061169        3.4669912201059732E-010
   3.1199998855590820        2.1616999465055901E-009
