  -2.0000000000000000        7.3230646484314889E-009
  -1.9800000004470348        1.0179197144608954E-009
  -1.9600000008940697        7.6387125486845830E-011
  -1.9400000013411045        1.7744476078050069E-009
  -1.9200000017881393        1.1787279963497046E-009
  -1.9000000022351742        1.4995629476482761E-009
  -1.8800000026822090        2.2849803153791072E-009
  -1.8600000031292439        1.8052287373721541E-009
  -1.8400000035762787        2.5649701403305839E-009
  -1.8200000040233135        2.3487139178634925E-009
  -1.8000000044703484        2.6016880457563150E-009
  -1.7800000049173832        2.7431965606322027E-009
  -1.7600000053644180        2.6497114051978569E-009
  -1.7400000058114529        2.9318890368060263E-009
  -1.7200000062584877        2.7898073943126050E-009
  -1.7000000067055225        2.8782397551994610E-009
  -1.6800000071525574        3.0143718288585767E-009
  -1.6600000075995922        2.8128242920219079E-009
  -1.6400000080466270        2.9318726350370469E-009
  -1.6200000084936619        3.0220680389539346E-009
  -1.6000000089406967        2.7830620933636316E-009
  -1.5800000093877316        2.8111209511991852E-009
  -1.5600000098347664        2.9561257860525955E-009
  -1.5400000102818012        2.7498842830433402E-009
  -1.5200000107288361        2.5614001066908203E-009
  -1.5000000111758709        2.6730228405104670E-009
  -1.4800000116229057        2.6769319759153002E-009
  -1.4600000120699406        2.3929140528485542E-009
  -1.4400000125169754        2.1846844167490245E-009
  -1.4200000129640102        2.2127177296027496E-009
  -1.4000000134110451        2.1890191191738597E-009
  -1.3800000138580799        1.9185822819581578E-009
  -1.3600000143051147        1.5808881017901627E-009
  -1.3400000147521496        1.3971603421212722E-009
  -1.3200000151991844        1.3201754439095375E-009
  -1.3000000156462193        1.1619117097755070E-009
  -1.2800000160932541        8.3317174028969522E-010
  -1.2600000165402889        5.1073475738342585E-010
  -1.2400000169873238        2.6355412540173806E-010
  -1.2200000174343586        2.3991640823004361E-010
  -1.2000000178813934        3.4205500031013980E-010
  -1.1800000183284283        3.8922647112741673E-010
  -1.1600000187754631        1.7403743281306509E-009
  -1.1400000192224979        1.3604756324045007E-009
  -1.1200000196695328        1.0826199466407434E-008
  -1.1000000201165676        7.2529652106175863E-009
  -1.0800000205636024        5.0722371688549627E-008
  -1.0600000210106373        4.9101909330998293E-008
  -1.0400000214576721        2.2532768484412742E-007
  -1.0200000219047070        3.5203564270199114E-007
  -1.0000000223517418        1.1529196153887076E-006
 -0.98000002279877663        2.2969497761295271E-006
 -0.96000002324581146        6.4344523507471425E-006
 -0.94000002369284630        1.3350471865172881E-005
 -0.92000002413988113        3.4715609064772923E-005
 -0.90000002458691597        6.9501299535506124E-005
 -0.88000002503395081        1.6987730338394107E-004
 -0.86000002548098564        3.2554419466891791E-004
 -0.84000002592802048        7.3645276852834856E-004
 -0.82000002637505531        1.3715424797571824E-003
 -0.80000002682209015        2.8154621086145921E-003
 -0.78000002726912498        5.1595802832362031E-003
 -0.76000002771615982        9.5577606893769828E-003
 -0.74000002816319466        1.7118954477647528E-002
 -0.72000002861022949        2.9145852332127020E-002
 -0.70000002905726433        4.9672138161699977E-002
 -0.68000002950429916        8.0059583524954361E-002
 -0.66000002995133400       0.12678965376850190     
 -0.64000003039836884       0.19547694733051660     
 -0.62000003084540367       0.28920897224131253     
 -0.60000003129243851       0.41962448254377543     
 -0.58000003173947334       0.58964066984361607     
 -0.56000003218650818       0.80038118686639637     
 -0.54000003263354301        1.0602114037712176     
 -0.52000003308057785        1.3634436228758871     
 -0.50000003352761269        1.6940266032923652     
 -0.48000003397464752        2.0493529329098745     
 -0.46000003442168236        2.4117982680701053     
 -0.44000003486871719        2.7454213689612446     
 -0.42000003531575203        3.0320565487889368     
 -0.40000003576278687        3.2599904310108871     
 -0.38000003620982170        3.4044380941248198     
 -0.36000003665685654        3.4400028483858813     
 -0.34000003710389137        3.3723729010536778     
 -0.32000003755092621        3.2178612036800329     
 -0.30000003799796104        2.9856477197358817     
 -0.28000003844499588        2.6839924459633115     
 -0.26000003889203072        2.3340516554854949     
 -0.24000003933906555        1.9697578298854139     
 -0.22000003978610039        1.6186927737909094     
 -0.20000004023313522        1.2983079692319397     
 -0.18000004068017006        1.0129715579123670     
 -0.16000004112720490       0.76295246070937162     
 -0.14000004157423973       0.54845990694308300     
 -0.12000004202127457       0.37538746743062418     
 -0.10000004246830940       0.25181324833284119     
  -8.0000042915344238E-002  0.17735463553806741     
  -6.0000043362379074E-002  0.13580612417308296     
  -4.0000043809413910E-002  0.10078569163179561     
  -2.0000044256448746E-002   5.8744330990068129E-002
  -4.4703483581542969E-008   1.6745518418762088E-002
   1.9999954849481583E-002   1.5416210126326658E-004
   3.9999954402446747E-002   3.9554995763913117E-007
   5.9999953955411911E-002   9.8691326477510976E-007
   7.9999953508377075E-002   1.0098733376573497E-006
   9.9999953061342239E-002   1.6508465326181275E-006
  0.11999995261430740        2.2654755845785609E-006
  0.13999995216727257        2.7762002675418029E-006
  0.15999995172023773        3.8193054672973615E-006
  0.17999995127320290        4.0784505594795324E-006
  0.19999995082616806        5.3783872299865666E-006
  0.21999995037913322        5.3764363975849716E-006
  0.23999994993209839        6.2516511512047610E-006
  0.25999994948506355        6.2518356464905091E-006
  0.27999994903802872        6.0820823015525152E-006
  0.29999994859099388        6.3729586398010765E-006
  0.31999994814395905        5.4503684200660031E-006
  0.33999994769692421        5.1491826797441304E-006
  0.35999994724988937        4.6984334773201734E-006
  0.37999994680285454        3.7253076375295809E-006
  0.39999994635581970        3.4179696724263403E-006
  0.41999994590878487        3.0336281886962042E-006
  0.43999994546175003        2.3497103208889931E-006
  0.45999994501471519        2.1581083764267200E-006
  0.47999994456768036        2.1011180896136923E-006
  0.49999994412064552        1.6739441513037764E-006
  0.51999994367361069        1.4317067739435817E-006
  0.53999994322657585        1.4353849487876063E-006
  0.55999994277954102        1.3539184317441143E-006
  0.57999994233250618        1.0537805539412608E-006
  0.59999994188547134        9.0443996902611870E-007
  0.61999994143843651        9.0976661232310079E-007
  0.63999994099140167        9.0940283889370706E-007
  0.65999994054436684        7.5236292621567563E-007
  0.67999994009733200        5.7884312585749499E-007
  0.69999993965029716        5.1772394791180628E-007
  0.71999993920326233        5.2743452113678449E-007
  0.73999993875622749        5.3932257852412358E-007
  0.75999993830919266        4.8553003744738582E-007
  0.77999993786215782        3.7652426130158067E-007
  0.79999993741512299        2.8300296593624652E-007
  0.81999993696808815        2.3799675814761231E-007
  0.83999993652105331        2.2861843974484887E-007
  0.85999993607401848        2.3371314985654016E-007
  0.87999993562698364        2.3646041080672738E-007
  0.89999993517994881        2.2533354310874422E-007
  0.91999993473291397        1.9757819026070591E-007
  0.93999993428587914        1.5891491115157635E-007
  0.95999993383884430        1.1812153374537776E-007
  0.97999993339180946        8.1969424543493874E-008
  0.99999993294477463        5.3554293412131333E-008
   1.0199999324977398        3.3090921088753164E-008
   1.0399999320507050        1.9326751562681735E-008
   1.0599999316036701        1.0597033052876016E-008
   1.0799999311566353        5.3690959990048893E-009
   1.0999999307096004        2.4356274636921459E-009
   1.1199999302625656        9.2922275665150248E-010
   1.1399999298155308        2.6624478296350611E-010
   1.1599999293684959        7.4382087423853991E-011
   1.1799999289214611        1.2722164615080558E-010
   1.1999999284744263        2.9338087017503180E-010
   1.2199999280273914        5.0041629092483480E-010
   1.2399999275803566        7.1085967211639427E-010
   1.2599999271333218        9.0712274225802344E-010
   1.2799999266862869        1.0824020403295863E-009
   1.2999999262392521        1.2354136695774561E-009
   1.3199999257922173        1.3674618680581003E-009
   1.3399999253451824        1.4808751496958511E-009
   1.3599999248981476        1.5782159835403926E-009
   1.3799999244511127        1.6619129341442525E-009
   1.3999999240040779        1.7341146168554479E-009
   1.4199999235570431        1.7966542798441584E-009
   1.4399999231100082        1.8510653114827375E-009
   1.4599999226629734        1.8986167748772518E-009
   1.4799999222159386        1.9403537566279114E-009
   1.4999999217689037        1.9771356149613228E-009
   1.5199999213218689        2.0096694519714468E-009
   1.5399999208748341        2.0385381947251227E-009
   1.5599999204277992        2.0642235911185188E-009
   1.5799999199807644        2.0871247729207624E-009
   1.5999999195337296        2.1075731083442202E-009
   1.6199999190866947        2.1258440144429823E-009
   1.6399999186396599        2.1421663024915076E-009
   1.6599999181926250        2.1567295238840144E-009
   1.6799999177455902        2.1696896849709084E-009
   1.6999999172985554        2.1811736119159323E-009
   1.7199999168515205        2.1912821711607654E-009
   1.7399999164044857        2.2000924848730644E-009
   1.7599999159574509        2.2076592206257903E-009
   1.7799999155104160        2.2140149769563200E-009
   1.7999999150633812        2.2191697259977641E-009
   1.8199999146163464        2.2231092074429583E-009
   1.8399999141693115        2.2257920885236977E-009
   1.8599999137222767        2.2271456084187870E-009
   1.8799999132752419        2.2270593135678512E-009
   1.8999999128282070        2.2253763740282846E-009
   1.9199999123811722        2.2218818974613814E-009
   1.9399999119341373        2.2162877452080030E-009
   1.9599999114871025        2.2082138706052165E-009
   1.9799999110400677        2.1971676844246662E-009
   1.9999999105930328        2.1825263909938118E-009
   2.0199999101459980        2.1635342198158312E-009
   2.0399999096989632        2.1393391022119445E-009
   2.0599999092519283        2.1091133721867962E-009
   2.0799999088048935        2.0723293143657088E-009
   2.0999999083578587        2.0292830801295534E-009
   2.1199999079108238        1.9819522329612301E-009
   2.1399999074637890        1.9351787261431135E-009
   2.1599999070167542        1.8979126825632206E-009
   2.1799999065697193        1.8837740757720392E-009
   2.1999999061226845        1.9095661315522445E-009
   2.2199999056756496        1.9900159041746011E-009
   2.2399999052286148        2.1278312561488269E-009
   2.2599999047815800        2.3013235199910698E-009
   2.2799999043345451        2.4575692674522437E-009
   2.2999999038875103        2.5242184137314572E-009
   2.3199999034404755        2.4493963220134837E-009
   2.3399999029934406        2.2578584458385187E-009
   2.3599999025464058        2.0776377663933822E-009
   2.3799999020993710        2.0779269352921356E-009
   2.3999999016523361        2.3137522592779341E-009
   2.4199999012053013        2.6003199443812863E-009
   2.4399999007582664        2.6213966425831833E-009
   2.4599999003112316        2.2966814411427862E-009
   2.4799998998641968        2.0105006209948724E-009
   2.4999998994171619        2.2165237856523133E-009
   2.5199998989701271        2.7038982142276356E-009
   2.5399998985230923        2.6935411650924824E-009
   2.5599998980760574        2.1047581932511863E-009
   2.5799998976290226        1.9949656612167954E-009
   2.5999998971819878        2.7221497628346623E-009
   2.6199998967349529        2.8656433832977985E-009
   2.6399998962879181        1.9753804281988695E-009
   2.6599998958408833        2.0515258788275018E-009
   2.6799998953938484        3.1494285414161295E-009
   2.6999998949468136        2.5478978821756400E-009
   2.7199998944997787        1.6065747836088907E-009
   2.7399998940527439        3.0897214726768471E-009
   2.7599998936057091        3.0886221680673967E-009
   2.7799998931586742        1.3335343477179737E-009
   2.7999998927116394        3.2996877876872081E-009
   2.8199998922646046        3.3953192653936207E-009
   2.8399998918175697        1.0003136242974188E-009
   2.8599998913705349        4.3789078211936778E-009
   2.8799998909235001        2.9745143419027096E-009
   2.8999998904764652        1.2738998747079454E-009
   2.9199998900294304        6.4739282604210936E-009
   2.9399998895823956        1.0083467276597278E-009
   2.9599998891353607        4.9228659599450171E-009
   2.9799998886883259        6.6082600998029901E-009
   2.9999998882412910        7.1190995544677698E-010
   3.0199998877942562        1.2116342140736052E-008
   3.0399998873472214        1.3685778133703619E-009
   3.0599998869001865        1.1092622908913926E-008
   3.0799998864531517        8.9680583674064750E-009
   3.0999998860061169        4.8108750949538921E-009
   3.1199998855590820        1.3617451211794307E-008
