  -2.0000000000000000        9.9409933476562498E-009
  -1.9800000004470348        4.4324746184697456E-009
  -1.9600000008940697        1.0005871440456309E-008
  -1.9400000013411045        1.4947140679880057E-008
  -1.9200000017881393        1.1295895279617033E-008
  -1.9000000022351742        1.7704102637014854E-008
  -1.8800000026822090        1.4680980314571959E-008
  -1.8600000031292439        1.7278760919758381E-008
  -1.8400000035762787        1.7387915123542147E-008
  -1.8200000040233135        1.7228014307265306E-008
  -1.8000000044703484        1.8477930606931723E-008
  -1.7800000049173832        1.7834230581567802E-008
  -1.7600000053644180        1.8739276095179959E-008
  -1.7400000058114529        1.8570563768363225E-008
  -1.7200000062584877        1.8729169937749279E-008
  -1.7000000067055225        1.9214480983566526E-008
  -1.6800000071525574        1.8846919351098334E-008
  -1.6600000075995922        1.9359725827042918E-008
  -1.6400000080466270        1.9512662494677934E-008
  -1.6200000084936619        1.9213494232840867E-008
  -1.6000000089406967        1.9817401927492835E-008
  -1.5800000093877316        1.9995172873808635E-008
  -1.5600000098347664        1.9678417151344098E-008
  -1.5400000102818012        2.0248968463479221E-008
  -1.5200000107288361        2.0819108573995848E-008
  -1.5000000111758709        2.0615257197293388E-008
  -1.4800000116229057        2.0888134280364773E-008
  -1.4600000120699406        2.1945441665752617E-008
  -1.4400000125169754        2.2594682603076168E-008
  -1.4200000129640102        2.2804141616479535E-008
  -1.4000000134110451        2.3760955611178187E-008
  -1.3800000138580799        2.5655150543554848E-008
  -1.3600000143051147        2.7583501513205858E-008
  -1.3400000147521496        2.9288536650552799E-008
  -1.3200000151991844        3.1783897777834728E-008
  -1.3000000156462193        3.5966297865612447E-008
  -1.2800000160932541        4.1831384238074957E-008
  -1.2600000165402889        4.8818579059002419E-008
  -1.2400000169873238        5.6840264957096729E-008
  -1.2200000174343586        6.8057747825630815E-008
  -1.2000000178813934        8.1168749937756615E-008
  -1.1800000183284283        1.0444862915200227E-007
  -1.1600000187754631        1.1923186513323424E-007
  -1.1400000192224979        1.6484197070765520E-007
  -1.1200000196695328        1.5378806768952220E-007
  -1.1000000201165676        2.5972361724385352E-007
  -1.0800000205636024        1.5002261103324711E-007
  -1.0600000210106373        4.4253167050510057E-007
  -1.0400000214576721        7.6185707696539016E-008
  -1.0200000219047070        8.8509978652408234E-007
  -1.0000000223517418        2.8022956076252866E-007
 -0.98000002279877663        2.2980218051077854E-006
 -0.96000002324581146        3.7965114063246483E-006
 -0.94000002369284630        8.4077780953673879E-006
 -0.92000002413988113        2.5684285666014972E-005
 -0.90000002458691597        4.0807408517660574E-005
 -0.88000002503395081        1.2477943456557357E-004
 -0.86000002548098564        2.1205569116081876E-004
 -0.84000002592802048        5.0801068688656980E-004
 -0.82000002637505531        9.8169616507788409E-004
 -0.80000002682209015        1.9045486531590809E-003
 -0.78000002726912498        3.7842412958673855E-003
 -0.76000002771615982        6.7712323989529795E-003
 -0.74000002816319466        1.2399264772217443E-002
 -0.72000002861022949        2.1781579625665196E-002
 -0.70000002905726433        3.6492555098393907E-002
 -0.68000002950429916        6.0818320027678341E-002
 -0.66000002995133400        9.7508910475720925E-002
 -0.64000003039836884       0.15041965044418176     
 -0.62000003084540367       0.22903723214539720     
 -0.60000003129243851       0.33580318694715511     
 -0.58000003173947334       0.47646258162603045     
 -0.56000003218650818       0.66122629331573635     
 -0.54000003263354301       0.89020336924297450     
 -0.52000003308057785        1.1583126470026655     
 -0.50000003352761269        1.4670910254382432     
 -0.48000003397464752        1.8113614649395695     
 -0.46000003442168236        2.1633059980909648     
 -0.44000003486871719        2.5058768350302549     
 -0.42000003531575203        2.8251987274297106     
 -0.40000003576278687        3.0997947587801939     
 -0.38000003620982170        3.2950989682682454     
 -0.36000003665685654        3.3938430825348092     
 -0.34000003710389137        3.4003275758803899     
 -0.32000003755092621        3.3156837457690722     
 -0.30000003799796104        3.1425683035655578     
 -0.28000003844499588        2.8833467735982659     
 -0.26000003889203072        2.5637855811407113     
 -0.24000003933906555        2.2132422082678387     
 -0.22000003978610039        1.8621174043408169     
 -0.20000004023313522        1.5302071000587969     
 -0.18000004068017006        1.2238883537110923     
 -0.16000004112720490       0.94578554608448751     
 -0.14000004157423973       0.69488587638817867     
 -0.12000004202127457       0.48498936346725752     
 -0.10000004246830940       0.33186862306462234     
  -8.0000042915344238E-002  0.24185322213406740     
  -6.0000043362379074E-002  0.19399350400127247     
  -4.0000043809413910E-002  0.14960579194234661     
  -2.0000044256448746E-002   8.9415259024747784E-002
  -4.4703483581542969E-008   2.5780052156838370E-002
   1.9999954849481583E-002   2.2427251636181422E-004
   3.9999954402446747E-002   1.3268137765119297E-006
   5.9999953955411911E-002   2.7211809293829878E-007
   7.9999953508377075E-002   1.1540549054084309E-006
   9.9999953061342239E-002   1.1919177381471183E-006
  0.11999995261430740        1.8801334435930733E-006
  0.13999995216727257        2.3525675317248122E-006
  0.15999995172023773        2.9087108468563045E-006
  0.17999995127320290        3.6279175283717074E-006
  0.19999995082616806        4.0310395814251465E-006
  0.21999995037913322        4.8393138146344276E-006
  0.23999994993209839        5.0829136194188616E-006
  0.25999994948506355        5.6224319321083524E-006
  0.27999994903802872        5.6638247062380386E-006
  0.29999994859099388        5.6344994725351281E-006
  0.31999994814395905        5.6328216752664516E-006
  0.33999994769692421        5.1832162980325094E-006
  0.35999994724988937        4.8621087333646365E-006
  0.37999994680285454        4.3685813031932265E-006
  0.39999994635581970        3.8148492539253167E-006
  0.41999994590878487        3.4348846079906826E-006
  0.43999994546175003        2.9638393675584387E-006
  0.45999994501471519        2.5602368767192220E-006
  0.47999994456768036        2.3097356182725878E-006
  0.49999994412064552        2.0671542081087309E-006
  0.51999994367361069        1.7879140368859312E-006
  0.53999994322657585        1.6296170715821147E-006
  0.55999994277954102        1.5283362331504357E-006
  0.57999994233250618        1.3253297507432504E-006
  0.59999994188547134        1.1855091432069684E-006
  0.61999994143843651        1.0962644391022848E-006
  0.63999994099140167        1.0313245045847443E-006
  0.65999994054436684        8.9446363244354623E-007
  0.67999994009733200        7.9227947802070742E-007
  0.69999993965029716        7.3498089678273870E-007
  0.71999993920326233        6.9342779559487127E-007
  0.73999993875622749        6.3525920749878638E-007
  0.75999993830919266        5.4113890555238850E-007
  0.77999993786215782        4.8034164834774204E-007
  0.79999993741512299        4.4716782496254500E-007
  0.81999993696808815        4.1939709543207416E-007
  0.83999993652105331        3.9323468879381042E-007
  0.85999993607401848        3.4928363785706973E-007
  0.87999993562698364        2.9277273576422840E-007
  0.89999993517994881        2.4959006445156276E-007
  0.91999993473291397        2.2563417348464040E-007
  0.93999993428587914        2.1014538089913043E-007
  0.95999993383884430        1.9593402788235947E-007
  0.97999993339180946        1.8107743068082727E-007
  0.99999993294477463        1.6370024766102484E-007
   1.0199999324977398        1.4221482875598619E-007
   1.0399999320507050        1.1741231325709954E-007
   1.0599999316036701        9.2058194850996127E-008
   1.0799999311566353        6.8991004358403039E-008
   1.0999999307096004        4.9867852340448508E-008
   1.1199999302625656        3.5062736145980493E-008
   1.1399999298155308        2.4142291282377616E-008
   1.1599999293684959        1.6357095790148444E-008
   1.1799999289214611        1.0942308930195782E-008
   1.1999999284744263        7.2461681850030152E-009
   1.2199999280273914        4.7604026537741375E-009
   1.2399999275803566        3.1085665344960052E-009
   1.2599999271333218        2.0213580284029085E-009
   1.2799999266862869        1.3111191179197129E-009
   1.2999999262392521        8.4981837336499673E-010
   1.3199999257922173        5.5158625926234819E-010
   1.3399999253451824        3.5959758881087741E-010
   1.3599999248981476        2.3661744094051276E-010
   1.3799999244511127        1.5840791017708740E-010
   1.3999999240040779        1.0924872360510078E-010
   1.4199999235570431        7.8955000973370181E-011
   1.4399999231100082        6.0921350759767214E-011
   1.4599999226629734        5.0852399420768547E-011
   1.4799999222159386        4.5944176793700437E-011
   1.4999999217689037        4.4357897128233116E-011
   1.5199999213218689        4.4881822991787463E-011
   1.5399999208748341        4.6713570840343427E-011
   1.5599999204277992        4.9319428347590053E-011
   1.5799999199807644        5.2342958496878584E-011
   1.5999999195337296        5.5545233555066075E-011
   1.6199999190866947        5.8765449994530467E-011
   1.6399999186396599        6.1894738725474660E-011
   1.6599999181926250        6.4858558942543968E-011
   1.6799999177455902        6.7604695678283469E-011
   1.6999999172985554        7.0094917792752569E-011
   1.7199999168515205        7.2299013228734843E-011
   1.7399999164044857        7.4190339629357991E-011
   1.7599999159574509        7.5742298604824625E-011
   1.7799999155104160        7.6925318463090343E-011
   1.7999999150633812        7.7704055516980679E-011
   1.8199999146163464        7.8034636297007266E-011
   1.8399999141693115        7.7861909634691897E-011
   1.8599999137222767        7.7116929399102023E-011
   1.8799999132752419        7.5715356939735782E-011
   1.8999999128282070        7.3558321492537777E-011
   1.9199999123811722        7.0538711073761978E-011
   1.9399999119341373        6.6558048709697764E-011
   1.9599999114871025        6.1561925569487380E-011
   1.9799999110400677        5.5604538659165518E-011
   1.9999999105930328        4.8952785283258166E-011
   2.0199999101459980        4.2232703156416928E-011
   2.0399999096989632        3.6598216109189727E-011
   2.0599999092519283        3.3856098268335229E-011
   2.0799999088048935        3.6411003666564062E-011
   2.0999999083578587        4.6823042215322498E-011
   2.1199999079108238        6.6767725339376131E-011
   2.1399999074637890        9.5385528316413318E-011
   2.1599999070167542        1.2754845497098662E-010
   2.1799999065697193        1.5340306281493946E-010
   2.1999999061226845        1.6107579617623934E-010
   2.2199999056756496        1.4342125419693381E-010
   2.2399999052286148        1.0631869412709083E-010
   2.2599999047815800        7.1800589561481590E-011
   2.2799999043345451        6.8513743213044800E-011
   2.2999999038875103        1.0886158352353263E-010
   2.3199999034404755        1.6741475091227729E-010
   2.3399999029934406        1.8955445780273473E-010
   2.3599999025464058        1.4401151830428941E-010
   2.3799999020993710        7.4039708813203868E-011
   2.3999999016523361        6.9110566188615492E-011
   2.4199999012053013        1.5338495023923055E-010
   2.4399999007582664        2.1961677929178485E-010
   2.4599999003112316        1.5805484594779219E-010
   2.4799998998641968        5.4067034150676998E-011
   2.4999998994171619        9.5637567043168259E-011
   2.5199998989701271        2.3741509457764702E-010
   2.5399998985230923        2.1090748958000924E-010
   2.5599998980760574        4.8124437334936261E-011
   2.5799998976290226        1.0333233776156866E-010
   2.5999998971819878        3.0121488180242610E-010
   2.6199998967349529        1.8597576900950236E-010
   2.6399998962879181        1.4790386597591420E-011
   2.6599998958408833        2.6552893899738968E-010
   2.6799998953938484        3.4401049921248837E-010
   2.6999998949468136        2.0008210802269705E-011
   2.7199998944997787        2.4156981475449122E-010
   2.7399998940527439        4.9315579323659565E-010
   2.7599998936057091        4.5984419911884338E-011
   2.7799998931586742        3.4549957365665534E-010
   2.7999998927116394        6.7660158468540889E-010
   2.8199998922646046        7.3010568451769416E-011
   2.8399998918175697        7.5015873289327269E-010
   2.8599998913705349        8.6060839254626298E-010
   2.8799998909235001        3.1464232538812041E-010
   2.8999998904764652        1.6778915582248820E-009
   2.9199998900294304        9.7152824407514196E-010
   2.9399998895823956        1.5499296126648055E-009
   2.9599998891353607        2.8337101701343365E-009
   2.9799998886883259        1.7497222797449025E-009
   2.9999998882412910        4.4367793213026150E-009
   3.0199998877942562        3.5890578128856295E-009
   3.0399998873472214        4.8978545763176464E-009
   3.0599998869001865        6.4675404288898821E-009
   3.0799998864531517        5.2978099253231455E-009
   3.0999998860061169        6.3271347261634449E-009
   3.1199998855590820        9.8360157802573309E-009
