  -2.0000000000000000        1.6118745865209882E-008
  -1.9800000004470348        1.6525513428521800E-009
  -1.9600000008940697        5.9665652039482465E-009
  -1.9400000013411045        1.8150533007556529E-009
  -1.9200000017881393        3.8265750356191866E-009
  -1.9000000022351742        3.8288886179094330E-009
  -1.8800000026822090        3.1447361866425167E-009
  -1.8600000031292439        4.9224772946637935E-009
  -1.8400000035762787        3.7600985590854932E-009
  -1.8200000040233135        5.1008492130163358E-009
  -1.8000000044703484        4.7681575928455419E-009
  -1.7800000049173832        5.2069950502824391E-009
  -1.7600000053644180        5.5436976286505530E-009
  -1.7400000058114529        5.5282893335546472E-009
  -1.7200000062584877        6.0813994100889721E-009
  -1.7000000067055225        6.0190790730272859E-009
  -1.6800000071525574        6.4447639949677657E-009
  -1.6600000075995922        6.6855307017420643E-009
  -1.6400000080466270        6.7413943174619355E-009
  -1.6200000084936619        7.2922991983934145E-009
  -1.6000000089406967        7.3897908729642393E-009
  -1.5800000093877316        7.5928772857838320E-009
  -1.5600000098347664        8.2172939499694707E-009
  -1.5400000102818012        8.3382643252518420E-009
  -1.5200000107288361        8.5879565009535208E-009
  -1.5000000111758709        9.3555586810368442E-009
  -1.4800000116229057        9.6817832522174179E-009
  -1.4600000120699406        9.8922477102609386E-009
  -1.4400000125169754        1.0779496799909971E-008
  -1.4200000129640102        1.1588322385745906E-008
  -1.4000000134110451        1.1908135212159242E-008
  -1.3800000138580799        1.2727358335971969E-008
  -1.3600000143051147        1.4191898749036117E-008
  -1.3400000147521496        1.5340632846004931E-008
  -1.3200000151991844        1.6415771761389789E-008
  -1.3000000156462193        1.8693636978292883E-008
  -1.2800000160932541        2.2202471460708923E-008
  -1.2600000165402889        2.6375431555418199E-008
  -1.2400000169873238        3.2153612105559337E-008
  -1.2200000174343586        4.2922595105901796E-008
  -1.2000000178813934        5.7845060379832647E-008
  -1.1800000183284283        8.2707607744062519E-008
  -1.1600000187754631        1.0621353280714678E-007
  -1.1400000192224979        1.6530269163041356E-007
  -1.1200000196695328        1.8611903539982408E-007
  -1.1000000201165676        3.2415191717768646E-007
  -1.0800000205636024        2.4451437717350062E-007
  -1.0600000210106373        5.6135114978094719E-007
  -1.0400000214576721        2.1481757452574491E-007
  -1.0200000219047070        8.5261349012763136E-007
  -1.0000000223517418        5.2793821155897099E-007
 -0.98000002279877663        1.1196675753481031E-006
 -0.96000002324581146        3.9772939491949582E-006
 -0.94000002369284630        3.7455744984376706E-006
 -0.92000002413988113        1.9015287194861517E-005
 -0.90000002458691597        3.0447721480002191E-005
 -0.88000002503395081        7.2659657608115420E-005
 -0.86000002548098564        1.7475277918521488E-004
 -0.84000002592802048        3.1358821347824133E-004
 -0.82000002637505531        7.1203479193575521E-004
 -0.80000002682209015        1.3873981541198280E-003
 -0.78000002726912498        2.5672263504314201E-003
 -0.76000002771615982        5.0663912545937159E-003
 -0.74000002816319466        8.9918146072771408E-003
 -0.72000002861022949        1.5809707507122586E-002
 -0.70000002905726433        2.7666625307443824E-002
 -0.68000002950429916        4.5804149553900254E-002
 -0.66000002995133400        7.3835022731392294E-002
 -0.64000003039836884       0.11753252476161621     
 -0.62000003084540367       0.17971189597111911     
 -0.60000003129243851       0.26567971504912946     
 -0.58000003173947334       0.38575863319254650     
 -0.56000003218650818       0.54296488173566027     
 -0.54000003263354301       0.73837099919432614     
 -0.52000003308057785       0.97742528499273573     
 -0.50000003352761269        1.2631164451072325     
 -0.48000003397464752        1.5816180658443753     
 -0.46000003442168236        1.9178868575374308     
 -0.44000003486871719        2.2639167489325227     
 -0.42000003531575203        2.6033779787913662     
 -0.40000003576278687        2.9072539368470456     
 -0.38000003620982170        3.1443100390544512     
 -0.36000003665685654        3.3034418668566712     
 -0.34000003710389137        3.3788921007929624     
 -0.32000003755092621        3.3648616575877339     
 -0.30000003799796104        3.2535480285641922     
 -0.28000003844499588        3.0480181134697935     
 -0.26000003889203072        2.7688660535342624     
 -0.24000003933906555        2.4434307968476872     
 -0.22000003978610039        2.1035151876968055     
 -0.20000004023313522        1.7699959247404675     
 -0.18000004068017006        1.4529391830479801     
 -0.16000004112720490        1.1507558026388720     
 -0.14000004157423973       0.86405910500157013     
 -0.12000004202127457       0.61308727884664727     
 -0.10000004246830940       0.42767215582943841     
  -8.0000042915344238E-002  0.32320138204671767     
  -6.0000043362379074E-002  0.27183039975272272     
  -4.0000043809413910E-002  0.21807495791641496     
  -2.0000044256448746E-002  0.13320994992512350     
  -4.4703483581542969E-008   3.8822154251899381E-002
   1.9999954849481583E-002   3.5903245883410489E-004
   3.9999954402446747E-002   2.7086993621630243E-007
   5.9999953955411911E-002   1.4247958671847244E-006
   7.9999953508377075E-002   3.8726701125982663E-007
   9.9999953061342239E-002   1.4231613837121434E-006
  0.11999995261430740        1.3156107471858433E-006
  0.13999995216727257        2.0692485134864956E-006
  0.15999995172023773        2.4486154872354549E-006
  0.17999995127320290        2.8663865943394096E-006
  0.19999995082616806        3.6691595005887760E-006
  0.21999995037913322        3.6763190169316429E-006
  0.23999994993209839        4.7113915216982994E-006
  0.25999994948506355        4.5407960531346060E-006
  0.27999994903802872        5.2285214183168975E-006
  0.29999994859099388        5.2584805555817003E-006
  0.31999994814395905        4.9964710775244484E-006
  0.33999994769692421        5.3688368507332855E-006
  0.35999994724988937        4.6819847034339251E-006
  0.37999994680285454        4.5842523639067424E-006
  0.39999994635581970        4.3179992013329102E-006
  0.41999994590878487        3.5459595264726058E-006
  0.43999994546175003        3.4782122502238587E-006
  0.45999994501471519        3.0784443790867139E-006
  0.47999994456768036        2.4769480601137741E-006
  0.49999994412064552        2.4348611471887062E-006
  0.51999994367361069        2.2260552166739535E-006
  0.53999994322657585        1.7855570772383114E-006
  0.55999994277954102        1.6847588514935998E-006
  0.57999994233250618        1.7058675576544488E-006
  0.59999994188547134        1.4027906850505739E-006
  0.61999994143843651        1.1784803954870799E-006
  0.63999994099140167        1.2290940319406598E-006
  0.65999994054436684        1.1795281116726449E-006
  0.67999994009733200        9.5003147867416660E-007
  0.69999993965029716        8.0627491500933427E-007
  0.71999993920326233        8.4459655204110092E-007
  0.73999993875622749        8.4917723801588004E-007
  0.75999993830919266        7.0257711841844810E-007
  0.77999993786215782        5.6385993140842461E-007
  0.79999993741512299        5.2237590355088493E-007
  0.81999993696808815        5.6614489634829178E-007
  0.83999993652105331        5.5757836145905600E-007
  0.85999993607401848        4.6416189458606981E-007
  0.87999993562698364        3.6651746995565106E-007
  0.89999993517994881        3.1042261208955409E-007
  0.91999993473291397        3.0809745447727246E-007
  0.93999993428587914        3.3174408681970664E-007
  0.95999993383884430        3.2990340566478351E-007
  0.97999993339180946        2.8822726456006857E-007
  0.99999993294477463        2.3090276540637465E-007
   1.0199999324977398        1.8119831885096251E-007
   1.0399999320507050        1.4751751672549222E-007
   1.0599999316036701        1.3024456934705294E-007
   1.0799999311566353        1.2559287381486975E-007
   1.0999999307096004        1.2641535642032933E-007
   1.1199999302625656        1.2533959871045305E-007
   1.1399999298155308        1.1826800074251885E-007
   1.1599999293684959        1.0514177667101726E-007
   1.1799999289214611        8.8336261255276816E-008
   1.1999999284744263        7.0683097979845496E-008
   1.2199999280273914        5.4314295502592595E-008
   1.2399999275803566        4.0379969095635884E-008
   1.2599999271333218        2.9232661786911279E-008
   1.2799999266862869        2.0729473569146063E-008
   1.2999999262392521        1.4487100013145155E-008
   1.3199999257922173        1.0050253687861575E-008
   1.3399999253451824        6.9855513853620867E-009
   1.3599999248981476        4.9242337425448536E-009
   1.3799999244511127        3.5740562570904673E-009
   1.3999999240040779        2.7148329402359438E-009
   1.4199999235570431        2.1869125734747623E-009
   1.4399999231100082        1.8779792682198540E-009
   1.4599999226629734        1.7109173615860977E-009
   1.4799999222159386        1.6338289641316493E-009
   1.4999999217689037        1.6123735030698906E-009
   1.5199999213218689        1.6241645991266287E-009
   1.5399999208748341        1.6548123814441011E-009
   1.5599999204277992        1.6952001431072389E-009
   1.5799999199807644        1.7396472802783740E-009
   1.5999999195337296        1.7846890109926960E-009
   1.6199999190866947        1.8282756936595406E-009
   1.6399999186396599        1.8692530238073194E-009
   1.6599999181926250        1.9070283047475486E-009
   1.6799999177455902        1.9413595302394251E-009
   1.6999999172985554        1.9722260812572064E-009
   1.7199999168515205        1.9997551233690445E-009
   1.7399999164044857        2.0241884772682923E-009
   1.7599999159574509        2.0458824204522122E-009
   1.7799999155104160        2.0653385652460113E-009
   1.7999999150633812        2.0832679566285851E-009
   1.8199999146163464        2.1006922071232700E-009
   1.8399999141693115        2.1190828035245564E-009
   1.8599999137222767        2.1405287672265965E-009
   1.8799999132752419        2.1678977703710560E-009
   1.8999999128282070        2.2049103149164252E-009
   1.9199999123811722        2.2559789276413304E-009
   1.9399999119341373        2.3255879552730156E-009
   1.9599999114871025        2.4169497411942280E-009
   1.9799999110400677        2.5297631083697781E-009
   1.9999999105930328        2.6572574117249493E-009
   2.0199999101459980        2.7834481462095852E-009
   2.0399999096989632        2.8825911316157153E-009
   2.0599999092519283        2.9236800079218826E-009
   2.0799999088048935        2.8822952439579291E-009
   2.0999999083578587        2.7586125951224806E-009
   2.1199999079108238        2.5934146723463284E-009
   2.1399999074637890        2.4667008738757400E-009
   2.1599999070167542        2.4643222107737437E-009
   2.1799999065697193        2.6162539387274237E-009
   2.1999999061226845        2.8438124702939096E-009
   2.2199999056756496        2.9775533144568599E-009
   2.2399999052286148        2.8800311294231634E-009
   2.2599999047815800        2.6056155473283801E-009
   2.2799999043345451        2.4208607607084851E-009
   2.2999999038875103        2.5648849913011543E-009
   2.3199999034404755        2.9260589385383329E-009
   2.3399999029934406        3.0639494798666396E-009
   2.3599999025464058        2.7423864116587068E-009
   2.3799999020993710        2.3794046610358956E-009
   2.3999999016523361        2.5730123734016107E-009
   2.4199999012053013        3.1010894652527890E-009
   2.4399999007582664        3.0655425657270929E-009
   2.4599999003112316        2.4411568653829464E-009
   2.4799998998641968        2.4081036205266456E-009
   2.4999998994171619        3.1632252068838547E-009
   2.5199998989701271        3.1776135414964283E-009
   2.5399998985230923        2.2964045719742985E-009
   2.5599998980760574        2.5310050926721683E-009
   2.5799998976290226        3.5220354604303341E-009
   2.5999998971819878        2.8202171605612162E-009
   2.6199998967349529        2.0605889867016943E-009
   2.6399998962879181        3.4355336867476331E-009
   2.6599998958408833        3.3740218181271532E-009
   2.6799998953938484        1.8295361159208132E-009
   2.6999998949468136        3.4106171721389530E-009
   2.7199998944997787        3.7642068522991382E-009
   2.7399998940527439        1.5619822905843513E-009
   2.7599998936057091        3.8831312016538066E-009
   2.7799998931586742        3.8230713679607407E-009
   2.7999998927116394        1.2737730508527349E-009
   2.8199998922646046        5.2582907327075898E-009
   2.8399998918175697        2.8843330096347022E-009
   2.8599998913705349        2.1006699164448919E-009
   2.8799998909235001        7.0117554902192121E-009
   2.8999998904764652        6.6589879660557014E-010
   2.9199998900294304        6.4793547582618984E-009
   2.9399998895823956        5.6263829994390788E-009
   2.9599998891353607        1.7803374656410574E-009
   2.9799998886883259        1.2077747701207892E-008
   2.9999998882412910        3.6717657976159717E-010
   3.0199998877942562        1.2649536646721433E-008
   3.0399998873472214        6.6654637803796467E-009
   3.0599998869001865        7.0168783970498589E-009
   3.0799998864531517        1.5687060531888691E-008
   3.0999998860061169        2.1512966990753150E-009
   3.1199998855590820        1.3868633139486274E-008
