  -2.0000000000000000        2.3449889516160831E-008
  -1.9800000004470348        6.9577761620020639E-009
  -1.9600000008940697        8.3117948237617203E-009
  -1.9400000013411045        1.8420469249682026E-008
  -1.9200000017881393        8.2408546715885537E-009
  -1.9000000022351742        1.7903669229747744E-008
  -1.8800000026822090        1.3844134478160066E-008
  -1.8600000031292439        1.5543881106763459E-008
  -1.8400000035762787        1.7458828521633954E-008
  -1.8200000040233135        1.5748866052348262E-008
  -1.8000000044703484        1.8310479636505721E-008
  -1.7800000049173832        1.7319826602775204E-008
  -1.7600000053644180        1.8427505597336034E-008
  -1.7400000058114529        1.8665233960052458E-008
  -1.7200000062584877        1.8765574605597664E-008
  -1.7000000067055225        1.9531325563247147E-008
  -1.6800000071525574        1.9297664634354502E-008
  -1.6600000075995922        1.9984973100921919E-008
  -1.6400000080466270        2.0000977448956219E-008
  -1.6200000084936619        2.0023457483332859E-008
  -1.6000000089406967        2.0533019157067545E-008
  -1.5800000093877316        2.0107860319018627E-008
  -1.5600000098347664        2.0142640114650361E-008
  -1.5400000102818012        2.0178415927109824E-008
  -1.5200000107288361        1.9249125226934436E-008
  -1.5000000111758709        1.8772169795672643E-008
  -1.4800000116229057        1.8059943714312264E-008
  -1.4600000120699406        1.6259538184937554E-008
  -1.4400000125169754        1.4733563344910543E-008
  -1.4200000129640102        1.3125883929104518E-008
  -1.4000000134110451        1.0734776205566176E-008
  -1.3800000138580799        9.1820356359936399E-009
  -1.3600000143051147        9.1739156305810885E-009
  -1.3400000147521496        1.1034087192260153E-008
  -1.3200000151991844        1.8006112149007682E-008
  -1.3000000156462193        3.2918876783324177E-008
  -1.2800000160932541        5.7394471212158353E-008
  -1.2600000165402889        9.5763411508089700E-008
  -1.2400000169873238        1.5222892812293676E-007
  -1.2200000174343586        2.2245814916968344E-007
  -1.2000000178813934        2.9921970252522817E-007
  -1.1800000183284283        3.7744083337468696E-007
  -1.1600000187754631        4.3038217936885011E-007
  -1.1400000192224979        4.6196366938141720E-007
  -1.1200000196695328        3.8997985458045236E-007
  -1.1000000201165676        3.7821904912585491E-007
  -1.0800000205636024        1.7900658699044673E-007
  -1.0600000210106373        2.4947316266785261E-007
  -1.0400000214576721        2.6522974439203641E-007
  -1.0200000219047070        1.6233219781632586E-007
  -1.0000000223517418        1.4779222626741270E-006
 -0.98000002279877663        6.7423044733913095E-008
 -0.96000002324581146        3.5536149830755151E-006
 -0.94000002369284630        4.4874352797121804E-006
 -0.92000002413988113        7.6227169762145565E-006
 -0.90000002458691597        2.8497740028889037E-005
 -0.88000002503395081        4.8765926380013788E-005
 -0.86000002548098564        1.0501155606591860E-004
 -0.84000002592802048        2.6123969554963630E-004
 -0.82000002637505531        4.6515515722294167E-004
 -0.80000002682209015        9.6382384185365335E-004
 -0.78000002726912498        1.9755089028623122E-003
 -0.76000002771615982        3.5156888622862991E-003
 -0.74000002816319466        6.5737410020214430E-003
 -0.72000002861022949        1.1960893764139835E-002
 -0.70000002905726433        2.0447964593757244E-002
 -0.68000002950429916        3.4274161840169723E-002
 -0.66000002995133400        5.7175019571290182E-002
 -0.64000003039836884        9.0729790088658807E-002
 -0.62000003084540367       0.13964866725648409     
 -0.60000003129243851       0.21146775141099491     
 -0.58000003173947334       0.31100523446797690     
 -0.56000003218650818       0.44124606673650357     
 -0.54000003263354301       0.60874115071979085     
 -0.52000003308057785       0.82223534620252348     
 -0.50000003352761269        1.0770007196376798     
 -0.48000003397464752        1.3667024037896163     
 -0.46000003442168236        1.6846398767215496     
 -0.44000003486871719        2.0266279802796903     
 -0.42000003531575203        2.3718257746322648     
 -0.40000003576278687        2.6913891589406234     
 -0.38000003620982170        2.9634397982348584     
 -0.36000003665685654        3.1728149666272398     
 -0.34000003710389137        3.3122323083291074     
 -0.32000003755092621        3.3631436874121210     
 -0.30000003799796104        3.3175785849292709     
 -0.28000003844499588        3.1715644756966661     
 -0.26000003889203072        2.9412234059005047     
 -0.24000003933906555        2.6516877112707946     
 -0.22000003978610039        2.3326709722347481     
 -0.20000004023313522        2.0116622053970277     
 -0.18000004068017006        1.6938069076822191     
 -0.16000004112720490        1.3758305999737905     
 -0.14000004157423973        1.0535598757998312     
 -0.12000004202127457       0.75822391238307674     
 -0.10000004246830940       0.53892705374317740     
  -8.0000042915344238E-002  0.42278090059417006     
  -6.0000043362379074E-002  0.37422640211912434     
  -4.0000043809413910E-002  0.31146756646387663     
  -2.0000044256448746E-002  0.19434704460129026     
  -4.4703483581542969E-008   5.7188016104056834E-002
   1.9999954849481583E-002   5.0842624629547802E-004
   3.9999954402446747E-002   2.2985907818484083E-006
   5.9999953955411911E-002   8.7149597791210508E-009
   7.9999953508377075E-002   1.2618826829020505E-006
   9.9999953061342239E-002   5.5006061633455006E-007
  0.11999995261430740        1.6097232073915683E-006
  0.13999995216727257        1.3634065816409159E-006
  0.15999995172023773        2.2731190327175639E-006
  0.17999995127320290        2.3294054690145363E-006
  0.19999995082616806        3.0187865612386122E-006
  0.21999995037913322        3.3845475254392182E-006
  0.23999994993209839        3.6577410424406856E-006
  0.25999994948506355        4.3340800633572479E-006
  0.27999994903802872        4.1960723135185817E-006
  0.29999994859099388        4.9307509949059443E-006
  0.31999994814395905        4.6703159829493526E-006
  0.33999994769692421        4.8001105728932901E-006
  0.35999994724988937        4.8467383789927766E-006
  0.37999994680285454        4.3220484286552573E-006
  0.39999994635581970        4.4793670337059494E-006
  0.41999994590878487        3.9428591956492019E-006
  0.43999994546175003        3.4984590248065885E-006
  0.45999994501471519        3.5029962448199932E-006
  0.47999994456768036        2.9004072643820359E-006
  0.49999994412064552        2.5787250194196368E-006
  0.51999994367361069        2.5739056901945632E-006
  0.53999994322657585        2.1192948656223592E-006
  0.55999994277954102        1.8638452661622607E-006
  0.57999994233250618        1.9077099837299809E-006
  0.59999994188547134        1.6491573140229923E-006
  0.61999994143843651        1.3849582961552239E-006
  0.63999994099140167        1.3815426422779779E-006
  0.65999994054436684        1.3571809550657810E-006
  0.67999994009733200        1.1007175313530906E-006
  0.69999993965029716        9.7798941198660218E-007
  0.71999993920326233        1.0175283580236311E-006
  0.73999993875622749        9.7438748162630585E-007
  0.75999993830919266        7.8393647217553220E-007
  0.77999993786215782        6.8863167243685848E-007
  0.79999993741512299        7.0789734577854243E-007
  0.81999993696808815        7.2374188956000330E-007
  0.83999993652105331        6.1040626437689088E-007
  0.85999993607401848        4.9321639695464962E-007
  0.87999993562698364        4.5585753741599219E-007
  0.89999993517994881        4.7793333502284831E-007
  0.91999993473291397        4.8967844522873934E-007
  0.93999993428587914        4.2613369453183999E-007
  0.95999993383884430        3.3675094435804626E-007
  0.97999993339180946        2.8465123823361136E-007
  0.99999993294477463        2.7315379760315045E-007
   1.0199999324977398        2.8576988861216264E-007
   1.0399999320507050        2.9499163291871069E-007
   1.0599999316036701        2.7428892495589634E-007
   1.0799999311566353        2.2699446881779671E-007
   1.0999999307096004        1.7778764502903847E-007
   1.1199999302625656        1.4380727524914016E-007
   1.1399999298155308        1.2654914195230756E-007
   1.1599999293684959        1.2063708948217250E-007
   1.1799999289214611        1.2032266494642121E-007
   1.1999999284744263        1.2053818483788726E-007
   1.2199999280273914        1.1729138473518630E-007
   1.2399999275803566        1.0869788424837030E-007
   1.2599999271333218        9.5284330747468116E-008
   1.2799999266862869        7.9120199784938249E-008
   1.2999999262392521        6.2566895897001244E-008
   1.3199999257922173        4.7424224347955080E-008
   1.3399999253451824        3.4665932657173343E-008
   1.3599999248981476        2.4563778581036504E-008
   1.3799999244511127        1.6943646653319648E-008
   1.3999999240040779        1.1418393335026825E-008
   1.4199999235570431        7.5454652401128120E-009
   1.4399999231100082        4.9132885511770532E-009
   1.4599999226629734        3.1779508715582880E-009
   1.4799999222159386        2.0708662502760897E-009
   1.4999999217689037        1.3920658241484193E-009
   1.5199999213218689        9.9798732310121410E-010
   1.5399999208748341        7.8853019084007345E-010
   1.5599999204277992        6.9558373603874444E-010
   1.5799999199807644        6.7378253572250995E-010
   1.5999999195337296        6.9349875317407962E-010
   1.6199999190866947        7.3575804524499335E-010
   1.6399999186396599        7.8867431462167563E-010
   1.6599999181926250        8.4502058062470039E-010
   1.6799999177455902        9.0062022015357517E-010
   1.6999999172985554        9.5331845767583521E-010
   1.7199999168515205        1.0023610949374327E-009
   1.7399999164044857        1.0480589280331750E-009
   1.7599999159574509        1.0916490465284580E-009
   1.7799999155104160        1.1352759215530813E-009
   1.7999999150633812        1.1820033831988437E-009
   1.8199999146163464        1.2357327607280855E-009
   1.8399999141693115        1.3008503300548205E-009
   1.8599999137222767        1.3813854827783967E-009
   1.8799999132752419        1.4794877925340563E-009
   1.8999999128282070        1.5932193078817160E-009
   1.9199999123811722        1.7141074658754939E-009
   1.9399999119341373        1.8256288396294215E-009
   1.9599999114871025        1.9045561360313446E-009
   1.9799999110400677        1.9272337591347103E-009
   1.9999999105930328        1.8813173524735085E-009
   2.0199999101459980        1.7795991101454162E-009
   2.0399999096989632        1.6672410168168141E-009
   2.0599999092519283        1.6109988158310220E-009
   2.0799999088048935        1.6647728299099312E-009
   2.0999999083578587        1.8233359645297443E-009
   2.1199999079108238        1.9987638490820870E-009
   2.1399999074637890        2.0603722056247317E-009
   2.1599999070167542        1.9408597035120085E-009
   2.1799999065697193        1.7317345312813134E-009
   2.1999999061226845        1.6454878780671899E-009
   2.2199999056756496        1.8127216160285399E-009
   2.2399999052286148        2.0886241985024332E-009
   2.2599999047815800        2.1461740348242842E-009
   2.2799999043345451        1.8777147238378352E-009
   2.2999999038875103        1.6319702582559859E-009
   2.3199999034404755        1.8080513972763987E-009
   2.3399999029934406        2.2036145471447262E-009
   2.3599999025464058        2.1820412003203513E-009
   2.3799999020993710        1.7237059925880268E-009
   2.3999999016523361        1.6485565833699750E-009
   2.4199999012053013        2.1901911439511771E-009
   2.4399999007582664        2.3305501152114830E-009
   2.4599999003112316        1.7074308753140474E-009
   2.4799998998641968        1.6365634466441705E-009
   2.4999998994171619        2.4043100819130176E-009
   2.5199998989701271        2.2760210043312220E-009
   2.5399998985230923        1.4476809495106602E-009
   2.5599998980760574        2.0283680143879505E-009
   2.5799998976290226        2.7049991080222364E-009
   2.5999998971819878        1.6035722452146749E-009
   2.6199998967349529        1.6703017070268423E-009
   2.6399998962879181        2.9734581312334987E-009
   2.6599998958408833        1.7536124497965260E-009
   2.6799998953938484        1.4881673491699896E-009
   2.6999998949468136        3.3272296869617358E-009
   2.7199998944997787        1.6244205388584591E-009
   2.7399998940527439        1.6341014669623836E-009
   2.7599998936057091        3.8649405293046833E-009
   2.7799998931586742        1.0081506448043546E-009
   2.7999998927116394        2.6685403632008932E-009
   2.8199998922646046        4.0524568113680901E-009
   2.8399998918175697        3.2537266645470631E-010
   2.8599998913705349        5.2589686296765025E-009
   2.8799998909235001        2.4512111051489336E-009
   2.8999998904764652        2.1372211972658134E-009
   2.9199998900294304        7.4873126914324420E-009
   2.9399998895823956        3.7134154701214601E-011
   2.9599998891353607        8.9392838044141527E-009
   2.9799998886883259        3.9960720573135799E-009
   2.9999998882412910        5.1083247611544249E-009
   3.0199998877942562        1.1783590614844438E-008
   3.0399998873472214        1.3301589882965704E-009
   3.0599998869001865        1.5558254108493566E-008
   3.0799998864531517        3.1144693920998169E-009
   3.0999998860061169        8.5415932320206999E-009
   3.1199998855590820        1.0240763638633282E-008
