  -2.0000000000000000        3.3047030297259444E-008
  -1.9800000004470348        8.1978897226236474E-009
  -1.9600000008940697        2.0718526958693293E-008
  -1.9400000013411045        2.0339927625782080E-008
  -1.9200000017881393        1.3099416836535710E-008
  -1.9000000022351742        2.4623758293358309E-008
  -1.8800000026822090        1.4425632309259238E-008
  -1.8600000031292439        2.1638928695520620E-008
  -1.8400000035762787        1.8742494067984329E-008
  -1.8200000040233135        1.8931576693271123E-008
  -1.8000000044703484        2.0731718459635566E-008
  -1.7800000049173832        1.8960063407361364E-008
  -1.7600000053644180        2.0851789885546026E-008
  -1.7400000058114529        2.0292484638620655E-008
  -1.7200000062584877        2.1174802509633684E-008
  -1.7000000067055225        2.2042711619117681E-008
  -1.6800000071525574        2.2713010682420183E-008
  -1.6600000075995922        2.4715296086762331E-008
  -1.6400000080466270        2.6262223692495001E-008
  -1.6200000084936619        2.9314794264437352E-008
  -1.6000000089406967        3.3251575481755441E-008
  -1.5800000093877316        3.7866219019381613E-008
  -1.5600000098347664        4.5282435084879694E-008
  -1.5400000102818012        5.4067324778213050E-008
  -1.5200000107288361        6.5234617520212632E-008
  -1.5000000111758709        8.0877776460167337E-008
  -1.4800000116229057        9.8697397791484802E-008
  -1.4600000120699406        1.2004634708921973E-007
  -1.4400000125169754        1.4651287757538113E-007
  -1.4200000129640102        1.7329869503140351E-007
  -1.4000000134110451        1.9985683156532211E-007
  -1.3800000138580799        2.2589059199224872E-007
  -1.3600000143051147        2.4253016968613165E-007
  -1.3400000147521496        2.4631513988023843E-007
  -1.3200000151991844        2.3822217517818352E-007
  -1.3000000156462193        2.1320497902948814E-007
  -1.2800000160932541        1.7665291791779379E-007
  -1.2600000165402889        1.4450623383580559E-007
  -1.2400000169873238        1.3029779825222807E-007
  -1.2200000174343586        1.4922330551619091E-007
  -1.2000000178813934        2.1562379900317628E-007
  -1.1800000183284283        3.1676619764378100E-007
  -1.1600000187754631        4.0634607254438980E-007
  -1.1400000192224979        4.8504394146163704E-007
  -1.1200000196695328        4.2213272695767194E-007
  -1.1000000201165676        3.6763773624253414E-007
  -1.0800000205636024        2.4394346102432023E-007
  -1.0600000210106373        1.5395101976476089E-007
  -1.0400000214576721        5.2325583548210058E-007
  -1.0200000219047070        3.8368545211144675E-007
  -1.0000000223517418        7.4357843766610193E-007
 -0.98000002279877663        1.7029953636979827E-006
 -0.96000002324581146        2.3668894408516452E-007
 -0.94000002369284630        3.8940614826857693E-006
 -0.92000002413988113        9.7935577159770243E-006
 -0.90000002458691597        9.9510113376032654E-006
 -0.88000002503395081        4.3569674804842642E-005
 -0.86000002548098564        8.2688787868413554E-005
 -0.84000002592802048        1.5226071415482543E-004
 -0.82000002637505531        3.5803121072319023E-004
 -0.80000002682209015        7.3634223118298114E-004
 -0.78000002726912498        1.3129867168183279E-003
 -0.76000002771615982        2.6273794969341657E-003
 -0.74000002816319466        4.9786593818936711E-003
 -0.72000002861022949        8.6618181486261426E-003
 -0.70000002905726433        1.5214931124799011E-002
 -0.68000002950429916        2.6391108291802492E-002
 -0.66000002995133400        4.3637836257496954E-002
 -0.64000003039836884        6.9382270964565895E-002
 -0.62000003084540367       0.10963950988981569     
 -0.60000003129243851       0.16809492593867847     
 -0.58000003173947334       0.24850526131843212     
 -0.56000003218650818       0.35658768046904027     
 -0.54000003263354301       0.50158982635016225     
 -0.52000003308057785       0.68707709617497492     
 -0.50000003352761269       0.91020185581942581     
 -0.48000003397464752        1.1712020293075440     
 -0.46000003442168236        1.4687185183471385     
 -0.44000003486871719        1.7980450978913483     
 -0.42000003531575203        2.1366733552021362     
 -0.40000003576278687        2.4639418506466755     
 -0.38000003620982170        2.7594871811658375     
 -0.36000003665685654        3.0109480989775754     
 -0.34000003710389137        3.2028579454065884     
 -0.32000003755092621        3.3146886877719783     
 -0.30000003799796104        3.3338808362668693     
 -0.28000003844499588        3.2501514097507265     
 -0.26000003889203072        3.0754552490928888     
 -0.24000003933906555        2.8278513723004233     
 -0.22000003978610039        2.5423940584807432     
 -0.20000004023313522        2.2456476879621277     
 -0.18000004068017006        1.9416018101594301     
 -0.16000004112720490        1.6161918737882046     
 -0.14000004157423973        1.2597688689905324     
 -0.12000004202127457       0.91756126465036580     
 -0.10000004246830940       0.66313674420228952     
  -8.0000042915344238E-002  0.54240097014304678     
  -6.0000043362379074E-002  0.50546776900941981     
  -4.0000043809413910E-002  0.43621480327911982     
  -2.0000044256448746E-002  0.27735819197319311     
  -4.4703483581542969E-008   8.2253542806599050E-002
   1.9999954849481583E-002   7.4963467665523943E-004
   3.9999954402446747E-002   1.1332547958408992E-006
   5.9999953955411911E-002   1.6710113892594503E-006
   7.9999953508377075E-002   1.4039374871570951E-007
   9.9999953061342239E-002   1.2893848770811796E-006
  0.11999995261430740        7.3969963434969949E-007
  0.13999995216727257        1.7027262564109234E-006
  0.15999995172023773        1.5014962795705113E-006
  0.17999995127320290        2.2616701874461905E-006
  0.19999995082616806        2.4146054595920033E-006
  0.21999995037913322        2.8623711823265187E-006
  0.23999994993209839        3.3815663444992504E-006
  0.25999994948506355        3.4048805704793481E-006
  0.27999994903802872        4.1288739781039172E-006
  0.29999994859099388        3.9274520264544073E-006
  0.31999994814395905        4.4754555005948226E-006
  0.33999994769692421        4.4636740868327032E-006
  0.35999994724988937        4.3300635047932125E-006
  0.37999994680285454        4.5719087877632114E-006
  0.39999994635581970        4.0578860922010641E-006
  0.41999994590878487        4.1126692091324421E-006
  0.43999994546175003        3.8865625424162075E-006
  0.45999994501471519        3.3224086289878625E-006
  0.47999994456768036        3.3515066564501900E-006
  0.49999994412064552        2.9747730314488499E-006
  0.51999994367361069        2.5263045137954228E-006
  0.53999994322657585        2.5427324933769134E-006
  0.55999994277954102        2.2361218768277814E-006
  0.57999994233250618        1.8794945438700218E-006
  0.59999994188547134        1.9150781694186693E-006
  0.61999994143843651        1.7422151798019451E-006
  0.63999994099140167        1.4428263867731445E-006
  0.65999994054436684        1.4222019764048143E-006
  0.67999994009733200        1.3974519789419739E-006
  0.69999993965029716        1.1887431961879559E-006
  0.71999993920326233        1.0302310712147441E-006
  0.73999993875622749        1.0810312281479425E-006
  0.75999993830919266        1.0156569178435724E-006
  0.77999993786215782        8.4932524903202893E-007
  0.79999993741512299        7.4955810660691124E-007
  0.81999993696808815        7.9397551829136638E-007
  0.83999993652105331        7.6120125443038084E-007
  0.85999993607401848        6.4679323383516423E-007
  0.87999993562698364        5.4069962815575262E-007
  0.89999993517994881        5.4280292697385267E-007
  0.91999993473291397        5.6772438274463536E-007
  0.93999993428587914        5.2058255452007227E-007
  0.95999993383884430        4.3654135689969395E-007
  0.97999993339180946        3.6368206588511381E-007
  0.99999993294477463        3.5418414002313458E-007
   1.0199999324977398        3.7717535528023956E-007
   1.0399999320507050        3.6769377574811391E-007
   1.0599999316036701        3.2477352447969862E-007
   1.0799999311566353        2.7020464625311180E-007
   1.0999999307096004        2.2303783539606638E-007
   1.1199999302625656        2.0354944093335267E-007
   1.1399999298155308        2.0936326690985535E-007
   1.1599999293684959        2.1642888903237935E-007
   1.1799999289214611        2.0890410586112817E-007
   1.1999999284744263        1.8859057956569154E-007
   1.2199999280273914        1.6267136821821474E-007
   1.2399999275803566        1.3589344717049875E-007
   1.2599999271333218        1.1157846395927063E-007
   1.2799999266862869        9.2600459060156855E-008
   1.2999999262392521        8.0044716003638948E-008
   1.3199999257922173        7.2562262836017452E-008
   1.3399999253451824        6.7546339835547472E-008
   1.3599999248981476        6.2750367467621225E-008
   1.3799999244511127        5.7077545447213650E-008
   1.3999999240040779        5.0461385080122413E-008
   1.4199999235570431        4.3369464652438157E-008
   1.4399999231100082        3.6369857247828875E-008
   1.4599999226629734        2.9904246185352719E-008
   1.4799999222159386        2.4228178331809345E-008
   1.4999999217689037        1.9436007046187107E-008
   1.5199999213218689        1.5511004717085269E-008
   1.5399999208748341        1.2372274458620040E-008
   1.5599999204277992        9.9097259097860423E-009
   1.5799999199807644        8.0069962621102797E-009
   1.5999999195337296        6.5548330141184671E-009
   1.6199999190866947        5.4577189051510354E-009
   1.6399999186396599        4.6360740933971968E-009
   1.6599999181926250        4.0257968386705213E-009
   1.6799999177455902        3.5763728783937395E-009
   1.6999999172985554        3.2483488586226725E-009
   1.7199999168515205        3.0106489528213214E-009
   1.7399999164044857        2.8380252800263164E-009
   1.7599999159574509        2.7088701626724397E-009
   1.7799999155104160        2.6036642092587138E-009
   1.7999999150633812        2.5044402263979151E-009
   1.8199999146163464        2.3957052128501515E-009
   1.8399999141693115        2.2671045584455173E-009
   1.8599999137222767        2.1175137988843890E-009
   1.8799999132752419        1.9590772104165462E-009
   1.8999999128282070        1.8182355629981488E-009
   1.9199999123811722        1.7299813176906612E-009
   1.9399999119341373        1.7231460528038871E-009
   1.9599999114871025        1.7998395960593586E-009
   1.9799999110400677        1.9200918864379986E-009
   1.9999999105930328        2.0078710064555470E-009
   2.0199999101459980        1.9887436570093947E-009
   2.0399999096989632        1.8476848195178548E-009
   2.0599999092519283        1.6657354892565831E-009
   2.0799999088048935        1.5838695790005566E-009
   2.0999999083578587        1.6870684650369958E-009
   2.1199999079108238        1.8947489669856770E-009
   2.1399999074637890        1.9932867785950817E-009
   2.1599999070167542        1.8447180466840900E-009
   2.1799999065697193        1.5865460116282584E-009
   2.1999999061226845        1.5359987830002255E-009
   2.2199999056756496        1.7925616335061176E-009
   2.2399999052286148        2.0225914856300383E-009
   2.2599999047815800        1.8601596477383782E-009
   2.2799999043345451        1.5067600291388413E-009
   2.2999999038875103        1.5416242190789291E-009
   2.3199999034404755        1.9611410716124589E-009
   2.3399999029934406        2.0294053435796616E-009
   2.3599999025464058        1.5552612200923397E-009
   2.3799999020993710        1.4366428988981175E-009
   2.3999999016523361        1.9876275137035308E-009
   2.4199999012053013        2.0816542897610218E-009
   2.4399999007582664        1.4308393531125241E-009
   2.4599999003112316        1.4959572931785089E-009
   2.4799998998641968        2.2365695539319155E-009
   2.4999998994171619        1.8565760992227371E-009
   2.5199998989701271        1.2000402881470364E-009
   2.5399998985230923        2.0491761284937340E-009
   2.5599998980760574        2.2635090062938252E-009
   2.5799998976290226        1.1324163683017681E-009
   2.5999998971819878        1.8567888684531374E-009
   2.6199998967349529        2.5654390472567580E-009
   2.6399998962879181        1.0592266053781123E-009
   2.6599998958408833        1.8833539831951539E-009
   2.6799998953938484        2.8158008457586451E-009
   2.6999998949468136        8.0608693395548787E-010
   2.7199998944997787        2.3764580214121621E-009
   2.7399998940527439        2.8542485112479946E-009
   2.7599998936057091        4.9512688935816226E-010
   2.7799998931586742        3.6328747666936570E-009
   2.7999998927116394        2.0833034328203685E-009
   2.8199998922646046        1.1527958881358330E-009
   2.8399998918175697        5.1444965546193462E-009
   2.8599998913705349        3.5002151891326148E-010
   2.8799998909235001        4.6110036624096533E-009
   2.8999998904764652        4.2822802024061244E-009
   2.9199998900294304        1.2167113527911916E-009
   2.9399998895823956        8.9303639479777872E-009
   2.9599998891353607        6.6082595993275247E-010
   2.9799998886883259        9.2032511212160234E-009
   2.9999998882412910        5.8660486666001103E-009
   3.0199998877942562        5.2345021136722867E-009
   3.0399998873472214        1.2542942586107608E-008
   3.0599998869001865        1.9348472349796989E-009
   3.0799998864531517        1.4220336834884785E-008
   3.0999998860061169        2.6198291121462893E-009
   3.1199998855590820        9.8134527513291199E-009
