  -2.0000000000000000        4.8037017359352686E-008
  -1.9800000004470348        7.5033853940310017E-009
  -1.9600000008940697        6.7443015020864341E-009
  -1.9400000013411045        8.8037824212608222E-009
  -1.9200000017881393        1.4620675329156409E-012
  -1.9000000022351742        3.5269033303924042E-009
  -1.8800000026822090        1.1872483707940243E-009
  -1.8600000031292439        4.0925452012524169E-010
  -1.8400000035762787        1.3588689227534200E-009
  -1.8200000040233135        3.9161402657420091E-010
  -1.8000000044703484        8.6426963445805409E-010
  -1.7800000049173832        1.3585672940271083E-009
  -1.7600000053644180        1.3916068803370472E-009
  -1.7400000058114529        2.6667043387372511E-009
  -1.7200000062584877        3.4777141879372451E-009
  -1.7000000067055225        5.2669065171334401E-009
  -1.6800000071525574        7.6344422624164891E-009
  -1.6600000075995922        1.0628554554663295E-008
  -1.6400000080466270        1.5352204242529210E-008
  -1.6200000084936619        2.0819752880809661E-008
  -1.6000000089406967        2.9030057268661497E-008
  -1.5800000093877316        3.8979578742759314E-008
  -1.5600000098347664        5.1745083964506207E-008
  -1.5400000102818012        6.8367198626368936E-008
  -1.5200000107288361        8.6762869689315209E-008
  -1.5000000111758709        1.0968516396929983E-007
  -1.4800000116229057        1.3415508748840470E-007
  -1.4600000120699406        1.5861479631355621E-007
  -1.4400000125169754        1.8411672912100912E-007
  -1.4200000129640102        2.0340658187579380E-007
  -1.4000000134110451        2.1714436003185493E-007
  -1.3800000138580799        2.2390204314429504E-007
  -1.3600000143051147        2.1893928796955278E-007
  -1.3400000147521496        2.1076514647676183E-007
  -1.3200000151991844        2.0204226683411478E-007
  -1.3000000156462193        1.9971017467517171E-007
  -1.2800000160932541        2.1616789267053514E-007
  -1.2600000165402889        2.4573530653116514E-007
  -1.2400000169873238        2.8569727620663939E-007
  -1.2200000174343586        3.2281091736619575E-007
  -1.2000000178813934        3.3458873172453979E-007
  -1.1800000183284283        3.3076831911674214E-007
  -1.1600000187754631        3.0080291257210831E-007
  -1.1400000192224979        2.9417656013854205E-007
  -1.1200000196695328        3.2828170808874118E-007
  -1.1000000201165676        3.4082636962058814E-007
  -1.0800000205636024        4.7605419748270720E-007
  -1.0600000210106373        4.2686320938639514E-007
  -1.0400000214576721        3.1419271095964467E-007
  -1.0200000219047070        7.0049852351721171E-007
  -1.0000000223517418        3.4821640260262763E-007
 -0.98000002279877663        4.0096558365325128E-007
 -0.96000002324581146        2.7273529542683275E-006
 -0.94000002369284630        1.3892122860529466E-006
 -0.92000002413988113        3.8303487069388969E-006
 -0.90000002458691597        1.6746631016026420E-005
 -0.88000002503395081        2.4031340996084563E-005
 -0.86000002548098564        4.7921352611292924E-005
 -0.84000002592802048        1.3656964508187928E-004
 -0.82000002637505531        2.5810257200254832E-004
 -0.80000002682209015        4.7116500354553632E-004
 -0.78000002726912498        1.0239555727218114E-003
 -0.76000002771615982        1.9920232763748647E-003
 -0.74000002816319466        3.5319416811163372E-003
 -0.72000002861022949        6.4273956775055350E-003
 -0.70000002905726433        1.1725227562382014E-002
 -0.68000002950429916        1.9991464679519934E-002
 -0.66000002995133400        3.2913468479036187E-002
 -0.64000003039836884        5.3877412306742554E-002
 -0.62000003084540367        8.6290666266098229E-002
 -0.60000003129243851       0.13262832480478956     
 -0.58000003173947334       0.19744886280256621     
 -0.56000003218650818       0.28858833719931459     
 -0.54000003263354301       0.41201739263792631     
 -0.52000003308057785       0.57010213680411248     
 -0.50000003352761269       0.76373922042316444     
 -0.48000003397464752       0.99737099734660117     
 -0.46000003442168236        1.2721391526403998     
 -0.44000003486871719        1.5807045328977165     
 -0.42000003531575203        1.9064846996731011     
 -0.40000003576278687        2.2318442995392513     
 -0.38000003620982170        2.5425823359660966     
 -0.36000003665685654        2.8236727171756590     
 -0.34000003710389137        3.0582193250636629     
 -0.32000003755092621        3.2241653219524333     
 -0.30000003799796104        3.3039918853322270     
 -0.28000003844499588        3.2838983177764431     
 -0.26000003889203072        3.1652809514806619     
 -0.24000003933906555        2.9665999051023131     
 -0.22000003978610039        2.7228665345768679     
 -0.20000004023313522        2.4651114587525500     
 -0.18000004068017006        2.1895326988343129     
 -0.16000004112720490        1.8661954957741029     
 -0.14000004157423973        1.4780716666156217     
 -0.12000004202127457        1.0851808796660212     
 -0.10000004246830940       0.79769899721035209     
  -8.0000042915344238E-002  0.68209128038721301     
  -6.0000043362379074E-002  0.67051879967452899     
  -4.0000043809413910E-002  0.59877603773335641     
  -2.0000044256448746E-002  0.38699040167271864     
  -4.4703483581542969E-008  0.11564601465177597     
   1.9999954849481583E-002   1.0501823416283740E-003
   3.9999954402446747E-002   3.1940773444537064E-006
   5.9999953955411911E-002   6.2277504889381861E-007
   7.9999953508377075E-002   1.1809830292152543E-006
   9.9999953061342239E-002   3.6513562924817427E-007
  0.11999995261430740        1.4098460893538561E-006
  0.13999995216727257        8.3925516299504913E-007
  0.15999995172023773        1.9109755714660456E-006
  0.17999995127320290        1.4468413594893511E-006
  0.19999995082616806        2.4591022350694360E-006
  0.21999995037913322        2.2276047625604942E-006
  0.23999994993209839        2.9518089474218739E-006
  0.25999994948506355        3.1634955367130012E-006
  0.27999994903802872        3.2803999182505696E-006
  0.29999994859099388        3.9871079144682331E-006
  0.31999994814395905        3.5214565044478469E-006
  0.33999994769692421        4.3736662809126820E-006
  0.35999994724988937        3.9732451430841530E-006
  0.37999994680285454        4.1329387155031899E-006
  0.39999994635581970        4.3331580221510555E-006
  0.41999994590878487        3.6333246376664344E-006
  0.43999994546175003        4.0791592923899172E-006
  0.45999994501471519        3.6006482323856257E-006
  0.47999994456768036        3.1647826652685538E-006
  0.49999994412064552        3.4138652263317285E-006
  0.51999994367361069        2.7610265565381765E-006
  0.53999994322657585        2.5482586153114177E-006
  0.55999994277954102        2.6652994661734589E-006
  0.57999994233250618        2.0976116849858109E-006
  0.59999994188547134        1.9397115884067507E-006
  0.61999994143843651        2.0839705939622026E-006
  0.63999994099140167        1.6643064075404093E-006
  0.65999994054436684        1.4356249640378154E-006
  0.67999994009733200        1.6350852193813680E-006
  0.69999993965029716        1.4111619722938661E-006
  0.71999993920326233        1.0923526416513458E-006
  0.73999993875622749        1.1925580698217861E-006
  0.75999993830919266        1.2337866112996391E-006
  0.77999993786215782        9.6220492865862800E-007
  0.79999993741512299        8.0313095897235523E-007
  0.81999993696808815        9.4198188723841975E-007
  0.83999993652105331        9.2892544516575481E-007
  0.85999993607401848        7.1222382524125051E-007
  0.87999993562698364        5.8573565831852793E-007
  0.89999993517994881        6.8364546420701567E-007
  0.91999993473291397        7.2756221025777919E-007
  0.93999993428587914        5.9038619127111215E-007
  0.95999993383884430        4.4004479745414370E-007
  0.97999993339180946        4.2816573455831979E-007
  0.99999993294477463        5.1906987306110000E-007
   1.0199999324977398        5.2316217806770328E-007
   1.0399999320507050        4.1954710059644813E-007
   1.0599999316036701        3.0830605316867096E-007
   1.0799999311566353        2.7195819675602167E-007
   1.0999999307096004        3.2108097819195605E-007
   1.1199999302625656        3.6859594270570534E-007
   1.1399999298155308        3.4718325170986952E-007
   1.1599999293684959        2.7621845638138699E-007
   1.1799999289214611        2.0214978793362948E-007
   1.1999999284744263        1.5917635827443240E-007
   1.2199999280273914        1.6129360200412690E-007
   1.2399999275803566        1.9178836936898300E-007
   1.2599999271333218        2.1672818378880124E-007
   1.2799999266862869        2.1517393181841422E-007
   1.2999999262392521        1.8912425794054231E-007
   1.3199999257922173        1.5148605348851637E-007
   1.3399999253451824        1.1398598583224951E-007
   1.3599999248981476        8.3836012645528879E-008
   1.3799999244511127        6.4330330312218290E-008
   1.3999999240040779        5.5373229287735205E-008
   1.4199999235570431        5.4165791216532068E-008
   1.4399999231100082        5.6698047997223225E-008
   1.4599999226629734        5.9416659280395992E-008
   1.4799999222159386        6.0189779120170143E-008
   1.4999999217689037        5.8368357918620382E-008
   1.5199999213218689        5.4310636770102635E-008
   1.5399999208748341        4.8815342567606155E-008
   1.5599999204277992        4.2711773519058140E-008
   1.5799999199807644        3.6653792371675574E-008
   1.5999999195337296        3.1064551186638488E-008
   1.6199999190866947        2.6161637582298351E-008
   1.6399999186396599        2.2011092450738492E-008
   1.6599999181926250        1.8582187432887848E-008
   1.6799999177455902        1.5791600204363690E-008
   1.6999999172985554        1.3534933573162471E-008
   1.7199999168515205        1.1707708361744383E-008
   1.7399999164044857        1.0219121787536391E-008
   1.7599999159574509        9.0012026798738229E-009
   1.7799999155104160        8.0141369524034490E-009
   1.7999999150633812        7.2461404255217811E-009
   1.8199999146163464        6.7045837424991568E-009
   1.8399999141693115        6.3960941806185867E-009
   1.8599999137222767        6.2987992557538952E-009
   1.8799999132752419        6.3390702279576109E-009
   1.8999999128282070        6.3928004179681428E-009
   1.9199999123811722        6.3278294337418692E-009
   1.9399999119341373        6.0811480977174183E-009
   1.9599999114871025        5.7260325317787818E-009
   1.9799999110400677        5.4585348326759330E-009
   1.9999999105930328        5.4652106855371868E-009
   2.0199999101459980        5.7396929779321780E-009
   2.0399999096989632        6.0204259107939621E-009
   2.0599999092519283        5.9852437544683894E-009
   2.0799999088048935        5.5993882511688979E-009
   2.0999999083578587        5.2470738489981860E-009
   2.1199999079108238        5.3607246022259338E-009
   2.1399999074637890        5.8436644444479313E-009
   2.1599999070167542        6.0570356922187077E-009
   2.1799999065697193        5.6324587773131277E-009
   2.1999999061226845        5.1329987536413930E-009
   2.2199999056756496        5.3644704675023505E-009
   2.2399999052286148        6.0318154422095656E-009
   2.2599999047815800        5.9939122850629379E-009
   2.2799999043345451        5.2168273815267483E-009
   2.2999999038875103        5.1198864392976534E-009
   2.3199999034404755        6.0042088543354355E-009
   2.3399999029934406        6.1411312345308679E-009
   2.3599999025464058        5.1232618935409690E-009
   2.3799999020993710        5.1152899303568051E-009
   2.3999999016523361        6.2967616243140818E-009
   2.4199999012053013        5.9690562700071177E-009
   2.4399999007582664        4.7459164617137963E-009
   2.4599999003112316        5.6978312936749981E-009
   2.4799998998641968        6.6248897603404295E-009
   2.4999998994171619        4.9850883247008610E-009
   2.5199998989701271        5.0642834333362572E-009
   2.5399998985230923        6.9410957084507739E-009
   2.5599998980760574        5.3270474194223328E-009
   2.5799998976290226        4.6498066456912417E-009
   2.5999998971819878        7.2571386782642772E-009
   2.6199998967349529        5.3920639655135864E-009
   2.6399998962879181        4.4879125301066947E-009
   2.6599998958408833        7.8637291154788536E-009
   2.6799998953938484        4.8531347955939510E-009
   2.6999998949468136        4.9288572352877415E-009
   2.7199998944997787        8.6245183501665965E-009
   2.7399998940527439        3.4966577535402796E-009
   2.7599998936057091        6.9389153046546152E-009
   2.7799998931586742        8.2581783047227157E-009
   2.7999998927116394        2.4768626338908917E-009
   2.8199998922646046        1.0896347626212160E-008
   2.8399998918175697        4.6327446936012068E-009
   2.8599998913705349        6.0490893924784695E-009
   2.8799998909235001        1.2469653291336182E-008
   2.8999998904764652        8.6004178765318972E-010
   2.9199998900294304        1.5709638526486673E-008
   2.9399998895823956        4.7527476555117603E-009
   2.9599998891353607        9.6912765106013479E-009
   2.9799998886883259        1.6227436148321918E-008
   2.9999998882412910        1.4333082795352691E-009
   3.0199998877942562        2.3849952576944369E-008
   3.0399998873472214        1.4924044091875775E-009
   3.0599998869001865        1.9576154097536279E-008
   3.0799998864531517        1.1393716922795212E-008
   3.0999998860061169        6.3851460374023974E-009
   3.1199998855590820        1.2424206804727785E-008
