  -2.0000000000000000        6.5960139614299188E-008
  -1.9800000004470348        1.7491367885013910E-008
  -1.9600000008940697        4.0433373739073111E-008
  -1.9400000013411045        5.2135473795673752E-008
  -1.9200000017881393        2.7855381173253822E-008
  -1.9000000022351742        6.2475468099011983E-008
  -1.8800000026822090        3.6716194970767995E-008
  -1.8600000031292439        5.5874384761988025E-008
  -1.8400000035762787        5.0458895119445547E-008
  -1.8200000040233135        5.0016877870186150E-008
  -1.8000000044703484        5.5569225470229105E-008
  -1.7800000049173832        4.8795092516307858E-008
  -1.7600000053644180        5.1965299432768855E-008
  -1.7400000058114529        4.5977615318716650E-008
  -1.7200000062584877        4.2839322797887580E-008
  -1.7000000067055225        3.6480569402039608E-008
  -1.6800000071525574        2.8747873076502073E-008
  -1.6600000075995922        2.0661475322712090E-008
  -1.6400000080466270        1.2078273773961691E-008
  -1.6200000084936619        6.2449334157353899E-009
  -1.6000000089406967        5.1670555566393093E-009
  -1.5800000093877316        1.3463108193619194E-008
  -1.5600000098347664        3.5162091037379346E-008
  -1.5400000102818012        7.5657874770072772E-008
  -1.5200000107288361        1.3522781175440772E-007
  -1.5000000111758709        2.1591944009003108E-007
  -1.4800000116229057        3.0597366752496920E-007
  -1.4600000120699406        3.9329454307802323E-007
  -1.4400000125169754        4.5744668875451107E-007
  -1.4200000129640102        4.7118698904739579E-007
  -1.4000000134110451        4.2733854783529840E-007
  -1.3800000138580799        3.2330630578302414E-007
  -1.3600000143051147        1.9290238403651697E-007
  -1.3400000147521496        9.3166804991018999E-008
  -1.3200000151991844        8.0417242669414402E-008
  -1.3000000156462193        1.8794201489119576E-007
  -1.2800000160932541        3.7618051545205146E-007
  -1.2600000165402889        5.5392372145716928E-007
  -1.2400000169873238        6.0165587250369705E-007
  -1.2200000174343586        4.7299201735999743E-007
  -1.2000000178813934        2.5286753991135100E-007
  -1.1800000183284283        1.2285605156842634E-007
  -1.1600000187754631        2.3324106295707510E-007
  -1.1400000192224979        5.0026512989250795E-007
  -1.1200000196695328        7.2370492509070264E-007
  -1.1000000201165676        6.3695326982075237E-007
  -1.0800000205636024        2.8677751567668251E-007
  -1.0600000210106373        2.1842781290296413E-007
  -1.0400000214576721        5.1990474813774308E-007
  -1.0200000219047070        4.8545117064425618E-007
  -1.0000000223517418        1.2637306404477885E-006
 -0.98000002279877663        7.6621111651695453E-007
 -0.96000002324581146        8.7455918205058331E-008
 -0.94000002369284630        2.0547227937553772E-006
 -0.92000002413988113        7.5222954511190595E-006
 -0.90000002458691597        4.2837570590244578E-006
 -0.88000002503395081        1.7860524212377111E-005
 -0.86000002548098564        5.0658025668610712E-005
 -0.84000002592802048        8.6901473841261313E-005
 -0.82000002637505531        1.6320804770186183E-004
 -0.80000002682209015        3.8813920587068537E-004
 -0.78000002726912498        7.8517048600703666E-004
 -0.76000002771615982        1.3664523272663236E-003
 -0.74000002816319466        2.6378494420251854E-003
 -0.72000002861022949        4.9747065852131477E-003
 -0.70000002905726433        8.8809622389264750E-003
 -0.68000002950429916        1.4869096861115939E-002
 -0.66000002995133400        2.5348599324234767E-002
 -0.64000003039836884        4.2153826310392606E-002
 -0.62000003084540367        6.7534787756242248E-002
 -0.60000003129243851       0.10399415794104254     
 -0.58000003173947334       0.15727089955237195     
 -0.56000003218650818       0.23376360433438353     
 -0.54000003263354301       0.33679075728107610     
 -0.52000003308057785       0.47039735434947189     
 -0.50000003352761269       0.63724430204099569     
 -0.48000003397464752       0.84573084809524302     
 -0.46000003442168236        1.0941724709938971     
 -0.44000003486871719        1.3790935744448225     
 -0.42000003531575203        1.6856884567412038     
 -0.40000003576278687        2.0032623842487070     
 -0.38000003620982170        2.3194586161916972     
 -0.36000003665685654        2.6186702489509437     
 -0.34000003710389137        2.8865259743504454     
 -0.32000003755092621        3.0966962921059875     
 -0.30000003799796104        3.2338612194682455     
 -0.28000003844499588        3.2719912855788182     
 -0.26000003889203072        3.2099816533296939     
 -0.24000003933906555        3.0614231052971723     
 -0.22000003978610039        2.8676513177418248     
 -0.20000004023313522        2.6633126234877995     
 -0.18000004068017006        2.4305177448435500     
 -0.16000004112720490        2.1207730358658075     
 -0.14000004157423973        1.7005164145985188     
 -0.12000004202127457        1.2551177943191520     
 -0.10000004246830940       0.93741681648551800     
  -8.0000042915344238E-002  0.84180100867617569     
  -6.0000043362379074E-002  0.87403401317476104     
  -4.0000043809413910E-002  0.80512693068139107     
  -2.0000044256448746E-002  0.52824972472270060     
  -4.4703483581542969E-008  0.15869688865688694     
   1.9999954849481583E-002   1.4361790880776694E-003
   3.9999954402446747E-002   3.4924352531846901E-006
   5.9999953955411911E-002   1.5435189092555740E-006
   7.9999953508377075E-002   4.6185248677046063E-007
   9.9999953061342239E-002   9.6589139740205368E-007
  0.11999995261430740        6.1078601952482282E-007
  0.13999995216727257        1.3796240890670343E-006
  0.15999995172023773        1.0434423566126724E-006
  0.17999995127320290        1.8854173572856679E-006
  0.19999995082616806        1.5771664773361266E-006
  0.21999995037913322        2.3924750075955248E-006
  0.23999994993209839        2.2340324130063729E-006
  0.25999994948506355        2.8498858873093324E-006
  0.27999994903802872        3.0071289393825108E-006
  0.29999994859099388        3.1936651376154762E-006
  0.31999994814395905        3.6813895322131552E-006
  0.33999994769692421        3.4181591781376811E-006
  0.35999994724988937        3.9979849856640600E-006
  0.37999994680285454        3.7378557746874796E-006
  0.39999994635581970        3.8952314369448954E-006
  0.41999994590878487        3.9814106721661475E-006
  0.43999994546175003        3.5195898168714136E-006
  0.45999994501471519        3.7772396604503478E-006
  0.47999994456768036        3.4145637136113450E-006
  0.49999994412064552        3.1359418221311988E-006
  0.51999994367361069        3.1988219276376881E-006
  0.53999994322657585        2.7135610068790855E-006
  0.55999994277954102        2.5898124736594190E-006
  0.57999994233250618        2.5424791687576638E-006
  0.59999994188547134        2.1111977198385326E-006
  0.61999994143843651        2.0390700902812948E-006
  0.63999994099140167        2.0099303924953238E-006
  0.65999994054436684        1.6723680325833668E-006
  0.67999994009733200        1.5693760046281852E-006
  0.69999993965029716        1.6151479979996951E-006
  0.71999993920326233        1.3808324595003562E-006
  0.73999993875622749        1.1967765935951269E-006
  0.75999993830919266        1.2847437145280305E-006
  0.77999993786215782        1.1819809721396275E-006
  0.79999993741512299        9.6872824938576021E-007
  0.81999993696808815        9.4926794976512989E-007
  0.83999993652105331        1.0000264893535931E-006
  0.85999993607401848        8.7476809217994871E-007
  0.87999993562698364        7.1880014916040000E-007
  0.89999993517994881        7.3275422274244170E-007
  0.91999993473291397        7.7242681996414731E-007
  0.93999993428587914        6.8027173378997885E-007
  0.95999993383884430        5.5311103743411610E-007
  0.97999993339180946        5.2964953652476824E-007
  0.99999993294477463        5.8384415306641500E-007
   1.0199999324977398        5.5488498533708368E-007
   1.0399999320507050        4.6232517655594320E-007
   1.0599999316036701        3.8157987838219809E-007
   1.0799999311566353        3.8648600084749253E-007
   1.0999999307096004        4.2520031456627662E-007
   1.1199999302625656        4.0779987516724995E-007
   1.1399999298155308        3.4583461386957771E-007
   1.1599999293684959        2.7852166844698558E-007
   1.1799999289214611        2.4904279148183948E-007
   1.1999999284744263        2.6854679892762256E-007
   1.2199999280273914        2.8968006192432840E-007
   1.2399999275803566        2.7777242992373491E-007
   1.2599999271333218        2.4064488680742760E-007
   1.2799999266862869        1.9547228228725914E-007
   1.2999999262392521        1.5839740551938480E-007
   1.3199999257922173        1.4381348667253554E-007
   1.3399999253451824        1.5086028358645632E-007
   1.3599999248981476        1.6335777233481811E-007
   1.3799999244511127        1.6667858500550858E-007
   1.3999999240040779        1.5751331602651425E-007
   1.4199999235570431        1.3973875876917717E-007
   1.4399999231100082        1.1796267219333397E-007
   1.4599999226629734        9.5687626552003705E-008
   1.4799999222159386        7.5829049546135057E-008
   1.4999999217689037        6.0579259092614426E-008
   1.5199999213218689        5.0705479593966383E-008
   1.5399999208748341        4.5410205675842093E-008
   1.5599999204277992        4.2965714342025277E-008
   1.5799999199807644        4.1566331724326711E-008
   1.5999999195337296        3.9898494554841444E-008
   1.6199999190866947        3.7315792522543997E-008
   1.6399999186396599        3.3749311131362478E-008
   1.6599999181926250        2.9510869646393050E-008
   1.6799999177455902        2.5083219364560983E-008
   1.6999999172985554        2.0938203977346823E-008
   1.7199999168515205        1.7404373748818214E-008
   1.7399999164044857        1.4601218401273507E-008
   1.7599999159574509        1.2448474925653246E-008
   1.7799999155104160        1.0740762216272666E-008
   1.7999999150633812        9.2570146960912766E-009
   1.8199999146163464        7.8613093385895698E-009
   1.8399999141693115        6.5535701357101122E-009
   1.8599999137222767        5.4460778435852677E-009
   1.8799999132752419        4.6718218446941325E-009
   1.8999999128282070        4.2683595062862544E-009
   1.9199999123811722        4.1112335049126624E-009
   1.9399999119341373        3.9635297944031353E-009
   1.9599999114871025        3.6383742226007000E-009
   1.9799999110400677        3.1639478954451045E-009
   1.9999999105930328        2.7836904056848728E-009
   2.0199999101459980        2.7236195477342026E-009
   2.0399999096989632        2.9117734030475977E-009
   2.0599999092519283        2.9908941912039408E-009
   2.0799999088048935        2.7168231082818443E-009
   2.0999999083578587        2.3200749390091686E-009
   2.1199999079108238        2.2717457440101788E-009
   2.1399999074637890        2.6009793117112724E-009
   2.1599999070167542        2.7438684859942290E-009
   2.1799999065697193        2.3677622443066751E-009
   2.1999999061226845        2.0147926153425897E-009
   2.2199999056756496        2.2873814781145191E-009
   2.2399999052286148        2.6912152580785721E-009
   2.2599999047815800        2.3916472391741733E-009
   2.2799999043345451        1.8811995727905372E-009
   2.2999999038875103        2.1989471226295994E-009
   2.3199999034404755        2.7125909143348559E-009
   2.3399999029934406        2.2350281082297470E-009
   2.3599999025464058        1.7473319250785569E-009
   2.3799999020993710        2.4273495842256481E-009
   2.3999999016523361        2.6919610211472493E-009
   2.4199999012053013        1.7773343875440131E-009
   2.4399999007582664        1.9637184552708282E-009
   2.4599999003112316        2.8841611731920831E-009
   2.4799998998641968        2.0338183195955201E-009
   2.4999998994171619        1.6239576904754894E-009
   2.5199998989701271        2.9457204787277211E-009
   2.5399998985230923        2.2452617917375260E-009
   2.5599998980760574        1.4118297308975531E-009
   2.5799998976290226        3.1085767298301829E-009
   2.5999998971819878        2.2601407558340538E-009
   2.6199998967349529        1.3149174214681485E-009
   2.6399998962879181        3.5275566837268815E-009
   2.6599998958408833        1.9005213070514752E-009
   2.6799998953938484        1.5814298398049557E-009
   2.6999998949468136        4.1066626852854040E-009
   2.7199998944997787        1.0303294684985644E-009
   2.7399998940527439        2.8650239830752967E-009
   2.7599998936057091        4.0573263147310802E-009
   2.7799998931586742        3.7676291390086454E-010
   2.7999998927116394        5.4580506303578978E-009
   2.8199998922646046        2.0878798713939086E-009
   2.8399998918175697        2.5831149068683020E-009
   2.8599998913705349        6.8755338098736059E-009
   2.8799998909235001        8.1581213438239791E-012
   2.8999998904764652        8.6725466566773704E-009
   2.9199998900294304        3.0673058579612475E-009
   2.9399998895823956        5.3403051360101845E-009
   2.9599998891353607        1.0124561507391690E-008
   2.9799998886883259        1.3387016811708218E-009
   2.9999998882412910        1.4288850187024322E-008
   3.0199998877942562        2.5243903510971822E-009
   3.0399998873472214        1.1606898719156178E-008
   3.0599998869001865        8.4144583954007011E-009
   3.0799998864531517        5.0991463068688195E-009
   3.0999998860061169        7.5288550026338201E-009
   3.1199998855590820        9.4585209610781446E-009
