  -2.0000000000000000        9.2801474332821768E-008
  -1.9800000004470348        2.0367228030567860E-008
  -1.9600000008940697        3.9061827718710669E-008
  -1.9400000013411045        4.4651897789065412E-008
  -1.9200000017881393        1.7125465369667144E-008
  -1.9000000022351742        5.5209980178801445E-008
  -1.8800000026822090        2.8183111464768190E-008
  -1.8600000031292439        5.4122114285049076E-008
  -1.8400000035762787        5.5005285251857845E-008
  -1.8200000040233135        6.1256353151231419E-008
  -1.8000000044703484        8.2241452531848904E-008
  -1.7800000049173832        8.4814414273722959E-008
  -1.7600000053644180        1.0883705826993829E-007
  -1.7400000058114529        1.1827349946165657E-007
  -1.7200000062584877        1.3681943268916250E-007
  -1.7000000067055225        1.4957676096232151E-007
  -1.6800000071525574        1.5942371671713765E-007
  -1.6600000075995922        1.6536322185691356E-007
  -1.6400000080466270        1.6254191098799362E-007
  -1.6200000084936619        1.5491872499544057E-007
  -1.6000000089406967        1.3974908624906243E-007
  -1.5800000093877316        1.2508738002579916E-007
  -1.5600000098347664        1.1336433554085347E-007
  -1.5400000102818012        1.1578427162316317E-007
  -1.5200000107288361        1.3464614510214389E-007
  -1.5000000111758709        1.7561330386943021E-007
  -1.4800000116229057        2.2834935587154774E-007
  -1.4600000120699406        2.8378635083534190E-007
  -1.4400000125169754        3.1827983748869344E-007
  -1.4200000129640102        3.1858564748193124E-007
  -1.4000000134110451        2.8047989321722606E-007
  -1.3800000138580799        2.2137038526861813E-007
  -1.3600000143051147        1.8182589045279337E-007
  -1.3400000147521496        1.9293951608835866E-007
  -1.3200000151991844        2.6675011899021961E-007
  -1.3000000156462193        3.5997089252481639E-007
  -1.2800000160932541        4.1772760571403492E-007
  -1.2600000165402889        3.8855592026217195E-007
  -1.2400000169873238        3.0045389395233180E-007
  -1.2200000174343586        2.3979385556496877E-007
  -1.2000000178813934        2.8568288011030706E-007
  -1.1800000183284283        4.1256331005764247E-007
  -1.1600000187754631        5.0306299234831785E-007
  -1.1400000192224979        4.7151478462908952E-007
  -1.1200000196695328        3.2766890516144270E-007
  -1.1000000201165676        3.1294788512013464E-007
  -1.0800000205636024        4.9554230888902980E-007
  -1.0600000210106373        5.3355044137158686E-007
  -1.0400000214576721        5.3215968675547900E-007
  -1.0200000219047070        6.2682738889173173E-007
  -1.0000000223517418        3.8335043535598322E-007
 -0.98000002279877663        2.5347059381808617E-007
 -0.96000002324581146        2.1124115191955586E-006
 -0.94000002369284630        1.8712043141814448E-006
 -0.92000002413988113        8.4459415402947844E-007
 -0.90000002458691597        6.8285330469141727E-006
 -0.88000002503395081        2.0676975916980495E-005
 -0.86000002548098564        2.5610496228623019E-005
 -0.84000002592802048        5.4602767733192134E-005
 -0.82000002637505531        1.4889747986158622E-004
 -0.80000002682209015        2.9859076247229515E-004
 -0.78000002726912498        5.1993767086386299E-004
 -0.76000002771615982        1.0213570586466573E-003
 -0.74000002816319466        2.0813252152376244E-003
 -0.72000002861022949        3.7757315326369533E-003
 -0.70000002905726433        6.5357841840021505E-003
 -0.68000002950429916        1.1348770739690586E-002
 -0.66000002995133400        1.9808873755585269E-002
 -0.64000003039836884        3.2885561697968552E-002
 -0.62000003084540367        5.2459828934152623E-002
 -0.60000003129243851        8.1736613888411441E-002
 -0.58000003173947334       0.12585366553681615     
 -0.56000003218650818       0.18897906031792536     
 -0.54000003263354301       0.27426410863875755     
 -0.52000003308057785       0.38616601345626639     
 -0.50000003352761269       0.53034314750731681     
 -0.48000003397464752       0.71366310376398145     
 -0.46000003442168236       0.93598389902456869     
 -0.44000003486871719        1.1943560525807992     
 -0.42000003531575203        1.4791928543380419     
 -0.40000003576278687        1.7833765839568814     
 -0.38000003620982170        2.0960102728696901     
 -0.36000003665685654        2.4045254193742456     
 -0.34000003710389137        2.6938518045338369     
 -0.32000003755092621        2.9418534374018033     
 -0.30000003799796104        3.1271452334052787     
 -0.28000003844499588        3.2192075029511082     
 -0.26000003889203072        3.2081703674590538     
 -0.24000003933906555        3.1092245993769572     
 -0.22000003978610039        2.9723835401052772     
 -0.20000004023313522        2.8335783951474363     
 -0.18000004068017006        2.6606007728311760     
 -0.16000004112720490        2.3717497326025474     
 -0.14000004157423973        1.9202409814132146     
 -0.12000004202127457        1.4183487192325313     
 -0.10000004246830940        1.0767277605744965     
  -8.0000042915344238E-002   1.0211307653575359     
  -6.0000043362379074E-002   1.1192598649536696     
  -4.0000043809413910E-002   1.0614907194000780     
  -2.0000044256448746E-002  0.70478466036448517     
  -4.4703483581542969E-008  0.21279560731583713     
   1.9999954849481583E-002   1.9452963497269902E-003
   3.9999954402446747E-002   4.3415884114630412E-006
   5.9999953955411911E-002   2.0782585875671770E-006
   7.9999953508377075E-002   7.4026454680940421E-007
   9.9999953061342239E-002   6.2095254777999875E-007
  0.11999995261430740        9.9105626887924698E-007
  0.13999995216727257        7.5213207452360734E-007
  0.15999995172023773        1.5129577448016313E-006
  0.17999995127320290        1.0720204562099949E-006
  0.19999995082616806        2.0523870861242144E-006
  0.21999995037913322        1.5113193136235400E-006
  0.23999994993209839        2.5117743448659484E-006
  0.25999994948506355        2.1180980238425473E-006
  0.27999994903802872        2.8131730883166923E-006
  0.29999994859099388        2.9153815588909714E-006
  0.31999994814395905        2.9601682799099792E-006
  0.33999994769692421        3.6555382335123224E-006
  0.35999994724988937        3.0716172553142077E-006
  0.37999994680285454        3.9018749064131463E-006
  0.39999994635581970        3.4504269821935850E-006
  0.41999994590878487        3.6069887205874784E-006
  0.43999994546175003        3.9049795565496971E-006
  0.45999994501471519        3.1647339600344153E-006
  0.47999994456768036        3.6905198523196034E-006
  0.49999994412064552        3.2598600056100458E-006
  0.51999994367361069        2.9138987039835296E-006
  0.53999994322657585        3.2514039782390193E-006
  0.55999994277954102        2.5538001694913855E-006
  0.57999994233250618        2.5165562478431836E-006
  0.59999994188547134        2.6510791799043299E-006
  0.61999994143843651        1.9909076195349869E-006
  0.63999994099140167        2.0466799593058738E-006
  0.65999994054436684        2.1380629117102767E-006
  0.67999994009733200        1.5889514008375212E-006
  0.69999993965029716        1.5946645512243195E-006
  0.71999993920326233        1.7511888109726315E-006
  0.73999993875622749        1.3442449034173059E-006
  0.75999993830919266        1.1900755154907119E-006
  0.77999993786215782        1.4185599519393690E-006
  0.79999993741512299        1.2280129530668381E-006
  0.81999993696808815        9.0173193024774578E-007
  0.83999993652105331        1.0525048320217182E-006
  0.85999993607401848        1.1227567445749036E-006
  0.87999993562698364        8.4493301343197903E-007
  0.89999993517994881        6.9556120085573454E-007
  0.91999993473291397        8.6982806139210781E-007
  0.93999993428587914        8.7627232911000023E-007
  0.95999993383884430        6.3806121967558280E-007
  0.97999993339180946        5.2395391547007829E-007
  0.99999993294477463        6.6388302023920818E-007
   1.0199999324977398        7.0893903493693018E-007
   1.0399999320507050        5.5052912202152367E-007
   1.0599999316036701        3.8819643116219709E-007
   1.0799999311566353        4.3689104539234928E-007
   1.0999999307096004        5.4546526477136707E-007
   1.1199999302625656        5.2202290937292100E-007
   1.1399999298155308        3.7924211485569290E-007
   1.1599999293684959        2.6966071855432642E-007
   1.1799999289214611        3.0565873511693990E-007
   1.1999999284744263        3.9353370647298500E-007
   1.2199999280273914        4.0831120468778838E-007
   1.2399999275803566        3.3114808880592813E-007
   1.2599999271333218        2.2153253876133433E-007
   1.2799999266862869        1.6974298690246259E-007
   1.2999999262392521        2.0380036004297778E-007
   1.3199999257922173        2.6512764303273752E-007
   1.3399999253451824        2.9090736703485846E-007
   1.3599999248981476        2.6319775117831952E-007
   1.3799999244511127        1.9790793980279095E-007
   1.3999999240040779        1.2942229591905739E-007
   1.4199999235570431        9.2104258415581388E-008
   1.4399999231100082        9.6833335834224845E-008
   1.4599999226629734        1.2716749941229628E-007
   1.4799999222159386        1.5775048422669757E-007
   1.4999999217689037        1.7208105931748806E-007
   1.5199999213218689        1.6649254459147540E-007
   1.5399999208748341        1.4544498054706245E-007
   1.5599999204277992        1.1625082909988565E-007
   1.5799999199807644        8.5860973252392761E-008
   1.5999999195337296        5.9267138906342626E-008
   1.6199999190866947        3.9083786712360829E-008
   1.6399999186396599        2.5991418690102013E-008
   1.6599999181926250        1.9420117587514839E-008
   1.6799999177455902        1.7972272382426794E-008
   1.6999999172985554        1.9653948621140955E-008
   1.7199999168515205        2.2293535618432584E-008
   1.7399999164044857        2.4231148447364327E-008
   1.7599999159574509        2.4870725829591235E-008
   1.7799999155104160        2.4612163610629689E-008
   1.7999999150633812        2.4159868348729374E-008
   1.8199999146163464        2.3772805200351513E-008
   1.8399999141693115        2.3095827941577410E-008
   1.8599999137222767        2.1676218286655856E-008
   1.8799999132752419        1.9607958471351196E-008
   1.8999999128282070        1.7601944557886425E-008
   1.9199999123811722        1.6343328867056086E-008
   1.9399999119341373        1.5777153458017709E-008
   1.9599999114871025        1.5153110271360407E-008
   1.9799999110400677        1.3904577626315405E-008
   1.9999999105930328        1.2405345619828678E-008
   2.0199999101459980        1.1578670487073847E-008
   2.0399999096989632        1.1651187558547999E-008
   2.0599999092519283        1.1690576260343738E-008
   2.0799999088048935        1.0845674873547089E-008
   2.0999999083578587        9.7181967776524647E-009
   2.1199999079108238        9.5775327186788811E-009
   2.1399999074637890        1.0217468767788876E-008
   2.1599999070167542        1.0052637269163975E-008
   2.1799999065697193        8.8817039054168051E-009
   2.1999999061226845        8.5311590152829789E-009
   2.2199999056756496        9.4646279979095521E-009
   2.2399999052286148        9.5307351839479723E-009
   2.2599999047815800        8.2053738440499432E-009
   2.2799999043345451        8.0814209885464270E-009
   2.2999999038875103        9.3624926707870889E-009
   2.3199999034404755        8.9196609379023050E-009
   2.3399999029934406        7.4519864136199342E-009
   2.3599999025464058        8.4098283214814971E-009
   2.3799999020993710        9.4281404142944455E-009
   2.3999999016523361        7.6287429721535032E-009
   2.4199999012053013        7.4871155748414637E-009
   2.4399999007582664        9.5081306386199016E-009
   2.4599999003112316        8.0167105654198273E-009
   2.4799998998641968        6.8609825510500400E-009
   2.4999998994171619        9.5159702477975359E-009
   2.5199998989701271        8.2261990140578477E-009
   2.5399998985230923        6.4372964950504831E-009
   2.5599998980760574        9.8127711749179695E-009
   2.5799998976290226        8.0045303605179617E-009
   2.5999998971819878        6.2488626557176406E-009
   2.6199998967349529        1.0567928825237305E-008
   2.6399998962879181        6.9982104632108760E-009
   2.6599998958408833        6.8683666383196714E-009
   2.6799998953938484        1.1363495509326016E-008
   2.6999998949468136        5.0798912147443777E-009
   2.7199998944997787        9.4547558443299830E-009
   2.7399998940527439        1.0430414979453953E-008
   2.7599998936057091        4.0039952459708603E-009
   2.7799998931586742        1.3836389722352639E-008
   2.7999998927116394        5.7202420729707530E-009
   2.8199998922646046        8.5943740826233251E-009
   2.8399998918175697        1.4344517604338968E-008
   2.8599998913705349        1.9506725155749124E-009
   2.8799998909235001        1.8679329457438615E-008
   2.8999998904764652        4.9911189283427073E-009
   2.9199998900294304        1.2359081638732305E-008
   2.9399998895823956        1.7065348732150837E-008
   2.9599998891353607        2.3970678084108680E-009
   2.9799998886883259        2.6198366157825867E-008
   2.9999998882412910        1.2419390756398987E-009
   3.0199998877942562        2.2788319253835443E-008
   3.0399998873472214        1.1477775806947566E-008
   3.0599998869001865        9.9176459316278259E-009
   3.0799998864531517        2.2005025548544842E-008
   3.0999998860061169        1.2986650452845391E-009
   3.1199998855590820        6.7177094494597925E-009
