  -2.0000000000000000        1.1347148455148524E-007
  -1.9800000004470348        3.8264031198826225E-008
  -1.9600000008940697        2.3541956593755639E-008
  -1.9400000013411045        9.4595317246174899E-008
  -1.9200000017881393        3.1889527674783352E-008
  -1.9000000022351742        9.8641845968741825E-008
  -1.8800000026822090        1.0034152973391866E-007
  -1.8600000031292439        1.1257361271475980E-007
  -1.8400000035762787        1.7366454480709595E-007
  -1.8200000040233135        1.6882284239957084E-007
  -1.8000000044703484        2.3524474199465237E-007
  -1.7800000049173832        2.4494875444981247E-007
  -1.7600000053644180        2.8196351612364840E-007
  -1.7400000058114529        2.9374546503348322E-007
  -1.7200000062584877        2.8998337878981961E-007
  -1.7000000067055225        2.7320613867131127E-007
  -1.6800000071525574        2.2866725973542591E-007
  -1.6600000075995922        1.7692639563220528E-007
  -1.6400000080466270        1.1680519081861410E-007
  -1.6200000084936619        7.3582403418293109E-008
  -1.6000000089406967        6.0832944792042888E-008
  -1.5800000093877316        9.5169553335101127E-008
  -1.5600000098347664        1.7568038788804596E-007
  -1.5400000102818012        2.8355176600733040E-007
  -1.5200000107288361        3.8024793073355805E-007
  -1.5000000111758709        4.2401929437374428E-007
  -1.4800000116229057        3.8553663702133440E-007
  -1.4600000120699406        2.8075175822785890E-007
  -1.4400000125169754        1.6087027418055243E-007
  -1.4200000129640102        1.0873039033817145E-007
  -1.4000000134110451        1.7268671701093495E-007
  -1.3800000138580799        3.3234660940225633E-007
  -1.3600000143051147        4.7935688984349745E-007
  -1.3400000147521496        5.0360543199795213E-007
  -1.3200000151991844        3.7136905593253297E-007
  -1.3000000156462193        2.0268446660042318E-007
  -1.2800000160932541        1.6403477234270471E-007
  -1.2600000165402889        3.2834058955857435E-007
  -1.2400000169873238        5.4418044428305227E-007
  -1.2200000174343586        5.8639584960026577E-007
  -1.2000000178813934        3.9549726628422513E-007
  -1.1800000183284283        2.1443370624881971E-007
  -1.1600000187754631        2.9703854561760490E-007
  -1.1400000192224979        5.7351126112013180E-007
  -1.1200000196695328        7.0303686128502020E-007
  -1.1000000201165676        4.5745851888188220E-007
  -1.0800000205636024        2.3296778080213035E-007
  -1.0600000210106373        4.7202820353876808E-007
  -1.0400000214576721        8.6877076489726442E-007
  -1.0200000219047070        4.8903264191450677E-007
  -1.0000000223517418        4.3301822063397573E-007
 -0.98000002279877663        1.0249936982129161E-006
 -0.96000002324581146        1.0198367864365800E-006
 -0.94000002369284630        2.6002157095839374E-007
 -0.92000002413988113        3.5893162367162160E-006
 -0.90000002458691597        7.7830130579960177E-006
 -0.88000002503395081        7.1098943301681190E-006
 -0.86000002548098564        1.8384935619382746E-005
 -0.84000002592802048        5.6080097788781032E-005
 -0.82000002637505531        1.1674033027228571E-004
 -0.80000002682209015        1.8378263047594810E-004
 -0.78000002726912498        3.9308964140428754E-004
 -0.76000002771615982        8.2841262896726775E-004
 -0.74000002816319466        1.6001383469736879E-003
 -0.72000002861022949        2.7458266337361415E-003
 -0.70000002905726433        4.9376929645501902E-003
 -0.68000002950429916        8.8920167702166621E-003
 -0.66000002995133400        1.5479633137323669E-002
 -0.64000003039836884        2.5448647085366653E-002
 -0.62000003084540367        4.0747524432586203E-002
 -0.60000003129243851        6.4773342186548497E-002
 -0.58000003173947334       0.10084386685689400     
 -0.56000003218650818       0.15257786720722422     
 -0.54000003263354301       0.22236142161769404     
 -0.52000003308057785       0.31653196356017888     
 -0.50000003352761269       0.44013449792128517     
 -0.48000003397464752       0.60014455001526834     
 -0.46000003442168236       0.79646231481395158     
 -0.44000003486871719        1.0279997454520486     
 -0.42000003531575203        1.2897469991858894     
 -0.40000003576278687        1.5753864288685289     
 -0.38000003620982170        1.8786689336880376     
 -0.36000003665685654        2.1863019813899816     
 -0.34000003710389137        2.4896710904451362     
 -0.32000003755092621        2.7658104107010213     
 -0.30000003799796104        2.9919811777026442     
 -0.28000003844499588        3.1293620898304324     
 -0.26000003889203072        3.1612488249996997     
 -0.24000003933906555        3.1096148547871629     
 -0.22000003978610039        3.0330781519579468     
 -0.20000004023313522        2.9742474042988745     
 -0.18000004068017006        2.8738506211609458     
 -0.16000004112720490        2.6136742367867729     
 -0.14000004157423973        2.1275576996270189     
 -0.12000004202127457        1.5657475153325848     
 -0.10000004246830940        1.2098933639272595     
  -8.0000042915344238E-002   1.2182350174388659     
  -6.0000043362379074E-002   1.4099628250775913     
  -4.0000043809413910E-002   1.3714177062491792     
  -2.0000044256448746E-002  0.91990849318741297     
  -4.4703483581542969E-008  0.27873872335015171     
   1.9999954849481583E-002   2.5301177071588156E-003
   3.9999954402446747E-002   7.0825913912815482E-006
   5.9999953955411911E-002   1.5313144691932753E-006
   7.9999953508377075E-002   1.2450263802825468E-006
   9.9999953061342239E-002   4.3849438914667147E-007
  0.11999995261430740        8.5866039406874343E-007
  0.13999995216727257        8.8165606225389191E-007
  0.15999995172023773        1.0009281933217420E-006
  0.17999995127320290        1.4313240778995174E-006
  0.19999995082616806        1.2481356828846590E-006
  0.21999995037913322        2.0039630804396682E-006
  0.23999994993209839        1.5680829062650818E-006
  0.25999994948506355        2.5151289185328607E-006
  0.27999994903802872        2.0062524434601186E-006
  0.29999994859099388        2.8517813176465812E-006
  0.31999994814395905        2.6402791333965973E-006
  0.33999994769692421        2.9759680150848135E-006
  0.35999994724988937        3.3584897973775021E-006
  0.37999994680285454        2.9603289479141293E-006
  0.39999994635581970        3.7320784255889507E-006
  0.41999994590878487        3.1166477666670509E-006
  0.43999994546175003        3.5538801879159571E-006
  0.45999994501471519        3.5537557725800082E-006
  0.47999994456768036        3.0496167980704043E-006
  0.49999994412064552        3.5751663657585277E-006
  0.51999994367361069        2.9461271775046672E-006
  0.53999994322657585        2.9513678849129607E-006
  0.55999994277954102        3.1028987624042866E-006
  0.57999994233250618        2.3826924442736469E-006
  0.59999994188547134        2.6247888363376362E-006
  0.61999994143843651        2.5145648265944877E-006
  0.63999994099140167        1.9204322424624750E-006
  0.65999994054436684        2.1953803833543476E-006
  0.67999994009733200        2.0323154521226433E-006
  0.69999993965029716        1.5375253751279623E-006
  0.71999993920326233        1.7778406447689920E-006
  0.73999993875622749        1.6955297415037236E-006
  0.75999993830919266        1.2461843237443139E-006
  0.77999993786215782        1.3874719669512777E-006
  0.79999993741512299        1.4542597499299128E-006
  0.81999993696808815        1.0807150964300151E-006
  0.83999993652105331        1.0176425638905536E-006
  0.85999993607401848        1.2189407504756510E-006
  0.87999993562698364        1.0347331010184403E-006
  0.89999993517994881        7.6145472363248131E-007
  0.91999993473291397        8.9843494052925885E-007
  0.93999993428587914        9.7775964479617446E-007
  0.95999993383884430        7.5016887688511491E-007
  0.97999993339180946        5.8718879557837218E-007
  0.99999993294477463        7.3542258163106342E-007
   1.0199999324977398        7.8469781403884598E-007
   1.0399999320507050        5.9954946231149827E-007
   1.0599999316036701        4.4626229125555124E-007
   1.0799999311566353        5.4366724106649595E-007
   1.0999999307096004        6.3616494259634564E-007
   1.1199999302625656        5.4026752673348678E-007
   1.1399999298155308        3.6933134901467448E-007
   1.1599999293684959        3.4321124304740645E-007
   1.1799999289214611        4.5423899384463640E-007
   1.1999999284744263        4.9285817452703457E-007
   1.2199999280273914        3.9995067294566896E-007
   1.2399999275803566        2.6836249578069767E-007
   1.2599999271333218        2.3487560713332968E-007
   1.2799999266862869        3.1148969911662422E-007
   1.2999999262392521        3.7329356464208992E-007
   1.3199999257922173        3.4634331276448732E-007
   1.3399999253451824        2.5485521058800364E-007
   1.3599999248981476        1.6906043408632763E-007
   1.3799999244511127        1.5293466423368081E-007
   1.3999999240040779        2.0111264839619103E-007
   1.4199999235570431        2.5119579077529148E-007
   1.4399999231100082        2.5837800101560263E-007
   1.4599999226629734        2.2239437578052417E-007
   1.4799999222159386        1.6483347015752215E-007
   1.4999999217689037        1.1133808180021800E-007
   1.5199999213218689        8.3130608423195130E-008
   1.5399999208748341        8.7050749011885506E-008
   1.5599999204277992        1.1256926265712370E-007
   1.5799999199807644        1.4069342826799931E-007
   1.5999999195337296        1.5593777078857496E-007
   1.6199999190866947        1.5271135790527898E-007
   1.6399999186396599        1.3460901922290178E-007
   1.6599999181926250        1.0923513557222784E-007
   1.6799999177455902        8.2866198346975161E-008
   1.6999999172985554        5.8709177836489604E-008
   1.7199999168515205        3.8623214508065923E-008
   1.7399999164044857        2.4581015653292168E-008
   1.7599999159574509        1.7571573588033317E-008
   1.7799999155104160        1.6036884416632021E-008
   1.7999999150633812        1.6843248931757451E-008
   1.8199999146163464        1.7973024538235753E-008
   1.8399999141693115        1.9442748175938897E-008
   1.8599999137222767        2.1502082435713900E-008
   1.8799999132752419        2.3099776254210148E-008
   1.8999999128282070        2.2981101045112692E-008
   1.9199999123811722        2.1578849321738850E-008
   1.9399999119341373        2.0524750444849210E-008
   1.9599999114871025        2.0300248215721934E-008
   1.9799999110400677        1.9629081041108086E-008
   1.9999999105930328        1.7678254059350744E-008
   2.0199999101459980        1.5635222589622466E-008
   2.0399999096989632        1.4949111694455502E-008
   2.0599999092519283        1.4918804940482284E-008
   2.0799999088048935        1.3815863551514180E-008
   2.0999999083578587        1.1969096184572255E-008
   2.1199999079108238        1.1346746004496272E-008
   2.1399999074637890        1.1891630482723929E-008
   2.1599999070167542        1.1384381928737838E-008
   2.1799999065697193        9.7530955516803425E-009
   2.1999999061226845        9.4871415277040369E-009
   2.2199999056756496        1.0464860519093094E-008
   2.2399999052286148        9.8374303477232827E-009
   2.2599999047815800        8.2929972222142060E-009
   2.2799999043345451        8.9162355024450955E-009
   2.2999999038875103        9.8731296504393033E-009
   2.3199999034404755        8.3095266505814452E-009
   2.3399999029934406        7.6583445249846964E-009
   2.3599999025464058        9.4202080371564381E-009
   2.3799999020993710        8.7016424490026023E-009
   2.3999999016523361        6.9551058031120891E-009
   2.4199999012053013        8.8469051829770177E-009
   2.4399999007582664        9.0208615080010524E-009
   2.4599999003112316        6.5318646009820355E-009
   2.4799998998641968        8.5149207307169649E-009
   2.4999998994171619        9.1891659571180955E-009
   2.5199998989701271        6.0789347195144232E-009
   2.5399998985230923        8.6781663863888854E-009
   2.5599998980760574        9.0995388242132348E-009
   2.5799998976290226        5.5203885216628591E-009
   2.5999998971819878        9.5788540672203452E-009
   2.6199998967349529        8.3097104140030064E-009
   2.6399998962879181        5.3576156901312727E-009
   2.6599998958408833        1.1125446542030108E-008
   2.6799998953938484        6.1809378782213454E-009
   2.6999998949468136        7.0735839768547667E-009
   2.7199998944997787        1.1780338711418093E-008
   2.7399998940527439        3.4921985189385160E-009
   2.7599998936057091        1.1904802166958042E-008
   2.7799998931586742        8.3056676107005854E-009
   2.7999998927116394        5.1504166531418398E-009
   2.8199998922646046        1.5814805245798119E-008
   2.8399998918175697        1.9290322340709083E-009
   2.8599998913705349        1.5346647260004014E-008
   2.8799998909235001        9.3418463955106849E-009
   2.8999998904764652        6.4725347451898910E-009
   2.9199998900294304        2.0730048161965223E-008
   2.9399998895823956        2.5272382194843406E-010
   2.9599998891353607        2.3769006082377678E-008
   2.9799998886883259        6.0421573686010016E-009
   2.9999998882412910        1.4722272046750000E-008
   3.0199998877942562        1.9384110364972917E-008
   3.0399998873472214        2.8130227487117972E-009
   3.0599998869001865        2.6331254771013637E-008
   3.0799998864531517        1.0668788507337563E-009
   3.0999998860061169        1.1919285027333884E-008
   3.1199998855590820        1.7203399570119543E-008
