  -2.0000000000000000        1.3328853349865311E-007
  -1.9800000004470348        1.9524693414666494E-008
  -1.9600000008940697        2.2636318143370561E-008
  -1.9400000013411045        1.3694027476705233E-008
  -1.9200000017881393        1.4840956858132523E-008
  -1.9000000022351742        6.8349174407843012E-009
  -1.8800000026822090        4.3616995190982326E-008
  -1.8600000031292439        2.8409978458649389E-008
  -1.8400000035762787        9.6773418042761542E-008
  -1.8200000040233135        1.0049373308729193E-007
  -1.8000000044703484        1.8924343915063343E-007
  -1.7800000049173832        2.3031624152919467E-007
  -1.7600000053644180        3.1493167612765710E-007
  -1.7400000058114529        3.6727057384358658E-007
  -1.7200000062584877        4.0020474751285226E-007
  -1.7000000067055225        3.9406753934062588E-007
  -1.6800000071525574        3.3161272401415649E-007
  -1.6600000075995922        2.3703252862566656E-007
  -1.6400000080466270        1.2591510291491552E-007
  -1.6200000084936619        5.2234039721872850E-008
  -1.6000000089406967        5.5931902783304778E-008
  -1.5800000093877316        1.5515135211756218E-007
  -1.5600000098347664        3.2348980181563112E-007
  -1.5400000102818012        4.8021400009105322E-007
  -1.5200000107288361        5.4110128732918136E-007
  -1.5000000111758709        4.5162473781735810E-007
  -1.4800000116229057        2.6046710527254644E-007
  -1.4600000120699406        9.3029676987745458E-008
  -1.4400000125169754        9.3316276409412444E-008
  -1.4200000129640102        2.8862198724278040E-007
  -1.4000000134110451        5.4545384111174658E-007
  -1.3800000138580799        6.3931212916212774E-007
  -1.3600000143051147        4.7538798199154244E-007
  -1.3400000147521496        1.9493647805977499E-007
  -1.3200000151991844        1.0362348331790062E-007
  -1.3000000156462193        3.3504255019289783E-007
  -1.2800000160932541        6.6501161502494266E-007
  -1.2600000165402889        7.0358079248324640E-007
  -1.2400000169873238        3.9338028949772104E-007
  -1.2200000174343586        1.3234740897590804E-007
  -1.2000000178813934        3.1947788735623676E-007
  -1.1800000183284283        7.3299209812757612E-007
  -1.1600000187754631        7.9301577479260538E-007
  -1.1400000192224979        3.8594145836199490E-007
  -1.1200000196695328        1.7238181153465309E-007
  -1.1000000201165676        5.5577788949596615E-007
  -1.0800000205636024        9.9727097832954890E-007
  -1.0600000210106373        6.1036192657629461E-007
  -1.0400000214576721        1.6765516722769455E-007
  -1.0200000219047070        5.7784616818211153E-007
  -1.0000000223517418        1.4229815227612961E-006
 -0.98000002279877663        3.7373436821078533E-007
 -0.96000002324581146        2.0339246545704513E-007
 -0.94000002369284630        2.0591153251683066E-006
 -0.92000002413988113        4.0949003991017014E-006
 -0.90000002458691597        1.1431603930129625E-006
 -0.88000002503395081        5.5404075405517888E-006
 -0.86000002548098564        2.3977329705008962E-005
 -0.84000002592802048        4.3521638645274786E-005
 -0.82000002637505531        6.7198216329050244E-005
 -0.80000002682209015        1.3519812319290664E-004
 -0.78000002726912498        3.4059596441969381E-004
 -0.76000002771615982        6.4357006575374576E-004
 -0.74000002816319466        1.1623292778122525E-003
 -0.72000002861022949        2.0309640369554228E-003
 -0.70000002905726433        3.8999951083363111E-003
 -0.68000002950429916        6.9900069178819527E-003
 -0.66000002995133400        1.2012432734552572E-002
 -0.64000003039836884        1.9592174187091454E-002
 -0.62000003084540367        3.1991988676719450E-002
 -0.60000003129243851        5.1584330838866668E-002
 -0.58000003173947334        8.0948447732499540E-002
 -0.56000003218650818       0.12280098289483031     
 -0.54000003263354301       0.18005392679028051     
 -0.52000003308057785       0.25921636608732934     
 -0.50000003352761269       0.36459113957320721     
 -0.48000003397464752       0.50326296810861770     
 -0.46000003442168236       0.67446013142765893     
 -0.44000003486871719       0.88086127668350533     
 -0.42000003531575203        1.1177282435866009     
 -0.40000003576278687        1.3830117924168470     
 -0.38000003620982170        1.6701449652988802     
 -0.36000003665685654        1.9709072784512034     
 -0.34000003710389137        2.2801855077500148     
 -0.32000003755092621        2.5768008026484694     
 -0.30000003799796104        2.8358662866461271     
 -0.28000003844499588        3.0069725078591567     
 -0.26000003889203072        3.0734539566089860     
 -0.24000003933906555        3.0618561711963652     
 -0.22000003978610039        3.0513157983248345     
 -0.20000004023313522        3.0832205918506932     
 -0.18000004068017006        3.0681169244128248     
 -0.16000004112720490        2.8399259394435048     
 -0.14000004157423973        2.3126442716545363     
 -0.12000004202127457        1.6886841737317291     
 -0.10000004246830940        1.3301352604866516     
  -8.0000042915344238E-002   1.4327212068511157     
  -6.0000043362379074E-002   1.7472660050136082     
  -4.0000043809413910E-002   1.7374843324755957     
  -2.0000044256448746E-002   1.1747159687776676     
  -4.4703483581542969E-008  0.35678767708814391     
   1.9999954849481583E-002   3.2571792722391030E-003
   3.9999954402446747E-002   6.7428545398750907E-006
   5.9999953955411911E-002   3.7822519367120044E-006
   7.9999953508377075E-002   2.8943595388524145E-007
   9.9999953061342239E-002   1.1008326122968684E-006
  0.11999995261430740        4.1603347870900640E-007
  0.13999995216727257        9.6808009632797931E-007
  0.15999995172023773        9.3101324560343436E-007
  0.17999995127320290        1.0785560508101537E-006
  0.19999995082616806        1.4874044389337545E-006
  0.21999995037913322        1.2712175512366138E-006
  0.23999994993209839        2.0384742778137693E-006
  0.25999994948506355        1.5606776491254636E-006
  0.27999994903802872        2.4903202518147411E-006
  0.29999994859099388        1.9923078028389418E-006
  0.31999994814395905        2.7214165977707490E-006
  0.33999994769692421        2.6055637472185904E-006
  0.35999994724988937        2.7558691758497602E-006
  0.37999994680285454        3.2704380194480974E-006
  0.39999994635581970        2.7687340153376630E-006
  0.41999994590878487        3.5406281897415927E-006
  0.43999994546175003        2.9962146182133215E-006
  0.45999994501471519        3.2639062079275849E-006
  0.47999994456768036        3.4478384767651465E-006
  0.49999994412064552        2.8555222938731181E-006
  0.51999994367361069        3.3950709391962423E-006
  0.53999994322657585        2.8691946695751896E-006
  0.55999994277954102        2.7582678420840595E-006
  0.57999994233250618        3.0465113114362927E-006
  0.59999994188547134        2.3283549005168556E-006
  0.61999994143843651        2.5040649771774320E-006
  0.63999994099140167        2.5191346287646962E-006
  0.65999994054436684        1.8965420406805812E-006
  0.67999994009733200        2.1440616124345470E-006
  0.69999993965029716        2.0567067072748173E-006
  0.71999993920326233        1.5392178455624433E-006
  0.73999993875622749        1.7702356876999861E-006
  0.75999993830919266        1.7239337169230576E-006
  0.77999993786215782        1.2545711195819760E-006
  0.79999993741512299        1.4142359778189709E-006
  0.81999993696808815        1.4860727454958780E-006
  0.83999993652105331        1.0723297652351748E-006
  0.85999993607401848        1.0745237573474918E-006
  0.87999993562698364        1.2630238198346808E-006
  0.89999993517994881        1.0181045422025599E-006
  0.91999993473291397        7.9331870328109876E-007
  0.93999993428587914        9.7969612218994992E-007
  0.95999993383884430        1.0016096458967458E-006
  0.97999993339180946        7.0680484468168751E-007
  0.99999993294477463        6.5788948387567383E-007
   1.0199999324977398        8.3182031658684245E-007
   1.0399999320507050        7.8833729979012369E-007
   1.0599999316036701        5.3865807635643283E-007
   1.0799999311566353        5.1858900706006918E-007
   1.0999999307096004        6.6781796163009354E-007
   1.1199999302625656        6.5837466940579859E-007
   1.1399999298155308        4.5849156548536294E-007
   1.1599999293684959        3.7446426901070190E-007
   1.1799999289214611        4.8612431002676241E-007
   1.1999999284744263        5.5499986815506593E-007
   1.2199999280273914        4.5696206385781536E-007
   1.2399999275803566        3.0289955211923880E-007
   1.2599999271333218        2.9238971653612857E-007
   1.2799999266862869        3.8610399510430770E-007
   1.2999999262392521        4.3011695815940267E-007
   1.3199999257922173        3.6364036386695589E-007
   1.3399999253451824        2.4473929518151677E-007
   1.3599999248981476        1.9550570083216871E-007
   1.3799999244511127        2.4154381170963064E-007
   1.3999999240040779        3.0608277046811386E-007
   1.4199999235570431        3.2138276948308716E-007
   1.4399999231100082        2.6551495620003343E-007
   1.4599999226629734        1.7563811328844173E-007
   1.4799999222159386        1.2356812910583415E-007
   1.4999999217689037        1.3828638949243150E-007
   1.5199999213218689        1.8577541428539716E-007
   1.5399999208748341        2.2120293255152734E-007
   1.5599999204277992        2.2385875794066345E-007
   1.5799999199807644        1.9275241531952468E-007
   1.5999999195337296        1.3988295458968171E-007
   1.6199999190866947        8.8726944311553283E-008
   1.6399999186396599        6.2347721135972509E-008
   1.6599999181926250        6.6350098787955000E-008
   1.6799999177455902        8.7602004678338693E-008
   1.6999999172985554        1.1017763607604332E-007
   1.7199999168515205        1.2683386180893971E-007
   1.7399999164044857        1.3490893833156781E-007
   1.7599999159574509        1.3069852563097302E-007
   1.7799999155104160        1.1366947835623008E-007
   1.7999999150633812        9.0246968699203136E-008
   1.8199999146163464        6.7650852250998091E-008
   1.8399999141693115        4.7663411400019002E-008
   1.8599999137222767        2.9983164358227502E-008
   1.8799999132752419        1.6770770743614199E-008
   1.8999999128282070        9.6395006245567477E-009
   1.9199999123811722        6.3943738558686092E-009
   1.9399999119341373        4.5814336950850168E-009
   1.9599999114871025        4.5335121251486368E-009
   1.9799999110400677        6.2478240958044714E-009
   1.9999999105930328        7.6091951197405560E-009
   2.0199999101459980        8.0204121195612125E-009
   2.0399999096989632        9.2287133216075018E-009
   2.0599999092519283        1.1013688643856771E-008
   2.0799999088048935        1.1183768945864053E-008
   2.0999999083578587        1.0419061979854361E-008
   2.1199999079108238        1.1153910786017969E-008
   2.1399999074637890        1.2161321190126991E-008
   2.1599999070167542        1.1084958609438453E-008
   2.1799999065697193        1.0047656618080380E-008
   2.1999999061226845        1.1147486881639305E-008
   2.2199999056756496        1.1336310290085669E-008
   2.2399999052286148        9.4784253926543554E-009
   2.2599999047815800        9.5410194271851903E-009
   2.2799999043345451        1.0930210619692438E-008
   2.2999999038875103        9.4792979425923361E-009
   2.3199999034404755        8.3028698809637814E-009
   2.3399999029934406        1.0171283453589338E-008
   2.3599999025464058        9.6076097100817737E-009
   2.3799999020993710        7.5320356872623043E-009
   2.3999999016523361        9.4918798590260497E-009
   2.4199999012053013        9.6638904023736141E-009
   2.4399999007582664        6.9648074120531883E-009
   2.4599999003112316        9.1744502474353997E-009
   2.4799998998641968        9.5903903949907916E-009
   2.4999998994171619        6.3810033453253596E-009
   2.5199998989701271        9.4240545877722205E-009
   2.5399998985230923        9.1916629542663376E-009
   2.5599998980760574        5.8458093266201688E-009
   2.5799998976290226        1.0378597530509699E-008
   2.5999998971819878        7.9783944368568970E-009
   2.6199998967349529        6.0532778484287644E-009
   2.6399998962879181        1.1624070795465976E-008
   2.6599998958408833        5.5929230019242275E-009
   2.6799998953938484        8.4347463549156615E-009
   2.6999998949468136        1.1232441448532698E-008
   2.7199998944997787        3.6227025339675729E-009
   2.7399998940527439        1.3211441983493361E-008
   2.7599998936057091        6.6729668101625116E-009
   2.7799998931586742        7.1212944979547059E-009
   2.7999998927116394        1.4901738745268698E-008
   2.8199998922646046        1.7177176389843270E-009
   2.8399998918175697        1.7267095524680390E-008
   2.8599998913705349        6.4433478246414360E-009
   2.8799998909235001        9.6736407364951217E-009
   2.8999998904764652        1.8225323463749523E-008
   2.9199998900294304        1.0707679692671954E-009
   2.9399998895823956        2.4984205595802958E-008
   2.9599998891353607        2.8447327823860735E-009
   2.9799998886883259        1.9154861802088807E-008
   2.9999998882412910        1.4882740913658198E-008
   3.0199998877942562        6.4411221583853884E-009
   3.0399998873472214        2.5561919149640396E-008
   3.0599998869001865        2.1581122465108407E-011
   3.0799998864531517        2.3687816869839145E-008
   3.0999998860061169        2.2051184699060417E-009
   3.1199998855590820        6.7150534763229655E-009
