  -2.0000000000000000        3.2499226002904714E-010
  -1.9800000004470348        1.3447884696170898E-010
  -1.9600000008940697        1.2149167889283792E-009
  -1.9400000013411045        1.7347372952626739E-009
  -1.9200000017881393        2.7055766242986007E-009
  -1.9000000022351742        3.5259002357695248E-009
  -1.8800000026822090        3.6390963497794381E-009
  -1.8600000031292439        3.4733716536509073E-009
  -1.8400000035762787        3.5162405029034006E-009
  -1.8200000040233135        3.8645609268753785E-009
  -1.8000000044703484        4.3861687475826155E-009
  -1.7800000049173832        4.9374164808981599E-009
  -1.7600000053644180        5.4391983024280442E-009
  -1.7400000058114529        5.8663959825336536E-009
  -1.7200000062584877        6.2209429277291860E-009
  -1.7000000067055225        6.5138854871396687E-009
  -1.6800000071525574        6.7572444529812151E-009
  -1.6600000075995922        6.9613075846438658E-009
  -1.6400000080466270        7.1341827957995784E-009
  -1.6200000084936619        7.2820727634474780E-009
  -1.6000000089406967        7.4097074465485087E-009
  -1.5800000093877316        7.5206925471911283E-009
  -1.5600000098347664        7.6178260535499208E-009
  -1.5400000102818012        7.7033234862084442E-009
  -1.5200000107288361        7.7787455714247410E-009
  -1.5000000111758709        7.8460333312152389E-009
  -1.4800000116229057        7.9047982237502005E-009
  -1.4600000120699406        7.9594487067150417E-009
  -1.4400000125169754        8.0037340653793924E-009
  -1.4200000129640102        8.0500221184471068E-009
  -1.4000000134110451        8.0844061465276259E-009
  -1.3800000138580799        8.1111287916104583E-009
  -1.3600000143051147        8.1794159714740879E-009
  -1.3400000147521496        8.0859613300125922E-009
  -1.3200000151991844        8.3997595554378004E-009
  -1.3000000156462193        7.8262221164255187E-009
  -1.2800000160932541        8.9124787243435758E-009
  -1.2600000165402889        7.4114378920479967E-009
  -1.2400000169873238        9.2839965031150128E-009
  -1.2200000174343586        9.3418248873884179E-009
  -1.2000000178813934        6.9384033576493645E-009
  -1.1800000183284283        2.7263236873273015E-008
  -1.1600000187754631        5.9205280628473067E-009
  -1.1400000192224979        1.2387024673528516E-007
  -1.1200000196695328        1.2698975599379883E-007
  -1.1000000201165676        6.4715048591555567E-007
  -1.0800000205636024        1.3451392605878635E-006
  -1.0600000210106373        3.7846107363015434E-006
  -1.0400000214576721        9.5323666240293781E-006
  -1.0200000219047070        2.2337093671764379E-005
  -1.0000000223517418        5.4967338896504146E-005
 -0.98000002279877663        1.2096421065659211E-004
 -0.96000002324581146        2.7481168019116904E-004
 -0.94000002369284630        5.7869240170467810E-004
 -0.92000002413988113        1.2121326278037780E-003
 -0.90000002458691597        2.4263086593044724E-003
 -0.88000002503395081        4.7261278458935099E-003
 -0.86000002548098564        8.9220754338348255E-003
 -0.84000002592802048        1.6262250036271374E-002
 -0.82000002637505531        2.8827426940662749E-002
 -0.80000002682209015        4.9304917812152481E-002
 -0.78000002726912498        8.1939503888777521E-002
 -0.76000002771615982       0.13160194297548441     
 -0.74000002816319466       0.20500677990949148     
 -0.72000002861022949       0.30914034827827691     
 -0.70000002905726433       0.45154496407216993     
 -0.68000002950429916       0.63906718996353207     
 -0.66000002995133400       0.87556208809658775     
 -0.64000003039836884        1.1626668738919494     
 -0.62000003084540367        1.4945083865566509     
 -0.60000003129243851        1.8617068777083030     
 -0.58000003173947334        2.2454713656908187     
 -0.56000003218650818        2.6238484489808203     
 -0.54000003263354301        2.9695755321253214     
 -0.52000003308057785        3.2550168008648974     
 -0.50000003352761269        3.4565873491347694     
 -0.48000003397464752        3.5543661533184605     
 -0.46000003442168236        3.5413033239503435     
 -0.44000003486871719        3.4163806401055519     
 -0.42000003531575203        3.1933246575886431     
 -0.40000003576278687        2.8904231177056996     
 -0.38000003620982170        2.5345031828542308     
 -0.36000003665685654        2.1524932963053964     
 -0.34000003710389137        1.7705861972976755     
 -0.32000003755092621        1.4109332415692690     
 -0.30000003799796104        1.0887016242466105     
 -0.28000003844499588       0.81409861415731188     
 -0.26000003889203072       0.58914189972036279     
 -0.24000003933906555       0.41357089184373286     
 -0.22000003978610039       0.28045669997775546     
 -0.20000004023313522       0.18512540634529767     
 -0.18000004068017006       0.11728935158884739     
 -0.16000004112720490        7.3149365710446432E-002
 -0.14000004157423973        4.3086847013206211E-002
 -0.12000004202127457        2.5259640953537502E-002
 -0.10000004246830940        1.4434485344794893E-002
  -8.0000042915344238E-002   7.2369813135647054E-003
  -6.0000043362379074E-002   4.0204288862959693E-003
  -4.0000043809413910E-002   2.4802222339814568E-003
  -2.0000044256448746E-002   1.2401504218606055E-003
  -4.4703483581542969E-008   3.1692838035104760E-004
   1.9999954849481583E-002   5.2911945888379880E-006
   3.9999954402446747E-002   6.8931501718367179E-006
   5.9999953955411911E-002   1.7114206976770550E-005
   7.9999953508377075E-002   2.4468006132352212E-005
   9.9999953061342239E-002   2.6109650207630769E-005
  0.11999995261430740        1.7486415458318137E-005
  0.13999995216727257        4.5874111402005686E-006
  0.15999995172023773        3.5976812018386349E-007
  0.17999995127320290        1.1159923060894452E-006
  0.19999995082616806        5.1429998192998281E-007
  0.21999995037913322        5.3048855094357509E-008
  0.23999994993209839        9.4980905288285806E-008
  0.25999994948506355        2.9726095407153532E-008
  0.27999994903802872        1.5371309187843219E-008
  0.29999994859099388        1.2838679911477226E-008
  0.31999994814395905        6.1079265942812403E-009
  0.33999994769692421        5.8431686147144212E-009
  0.35999994724988937        3.9799581805881744E-009
  0.37999994680285454        3.4690176486548539E-009
  0.39999994635581970        2.9179011960410060E-009
  0.41999994590878487        2.5468614171110346E-009
  0.43999994546175003        2.3012793048922153E-009
  0.45999994501471519        2.0856323327660694E-009
  0.47999994456768036        1.9353389126875809E-009
  0.49999994412064552        1.8065057118663613E-009
  0.51999994367361069        1.7054215863297609E-009
  0.53999994322657585        1.6209318971920716E-009
  0.55999994277954102        1.5504266001693354E-009
  0.57999994233250618        1.4908570599677529E-009
  0.59999994188547134        1.4398329205610797E-009
  0.61999994143843651        1.3958749828743955E-009
  0.63999994099140167        1.3576186301109417E-009
  0.65999994054436684        1.3241179521341691E-009
  0.67999994009733200        1.2945792076710344E-009
  0.69999993965029716        1.2683840805291527E-009
  0.71999993920326233        1.2450304049001829E-009
  0.73999993875622749        1.2241089189871955E-009
  0.75999993830919266        1.2052837836772420E-009
  0.77999993786215782        1.1882762527141597E-009
  0.79999993741512299        1.1728537415282150E-009
  0.81999993696808815        1.1588206037330147E-009
  0.83999993652105331        1.1460112828320739E-009
  0.85999993607401848        1.1342848255741182E-009
  0.87999993562698364        1.1235205617730501E-009
  0.89999993517994881        1.1136146509599045E-009
  0.91999993473291397        1.1044773020880109E-009
  0.93999993428587914        1.0960305216114484E-009
  0.95999993383884430        1.0882062759305620E-009
  0.97999993339180946        1.0809449832185575E-009
  0.99999993294477463        1.0741942681555034E-009
   1.0199999324977398        1.0679079281295703E-009
   1.0399999320507050        1.0620450704158692E-009
   1.0599999316036701        1.0565693887290982E-009
   1.0799999311566353        1.0514485535360690E-009
   1.0999999307096004        1.0466536961877130E-009
   1.1199999302625656        1.0421589705332267E-009
   1.1399999298155308        1.0379411788748910E-009
   1.1599999293684959        1.0339794516301935E-009
   1.1799999289214611        1.0302549720421084E-009
   1.1999999284744263        1.0267507388192480E-009
   1.2199999280273914        1.0234513606233667E-009
   1.2399999275803566        1.0203428778644751E-009
   1.2599999271333218        1.0174126075726027E-009
   1.2799999266862869        1.0146490078996645E-009
   1.2999999262392521        1.0120415596355685E-009
   1.3199999257922173        1.0095806622332425E-009
   1.3399999253451824        1.0072575423641545E-009
   1.3599999248981476        1.0050641733161005E-009
   1.3799999244511127        1.0029932038088642E-009
   1.3999999240040779        1.0010378950208277E-009
   1.4199999235570431        9.9919206473857819E-010
   1.4399999231100082        9.9745003774308617E-010
   1.4599999226629734        9.9580660170371997E-010
   1.4799999222159386        9.9425696793189770E-010
   1.4999999217689037        9.9279673635139904E-010
   1.5199999213218689        9.9142186421906334E-010
   1.5399999208748341        9.9012863827600476E-010
   1.5599999204277992        9.8891364979803659E-010
   1.5799999199807644        9.8777377233599862E-010
   1.5999999195337296        9.8670614187240662E-010
   1.6199999190866947        9.8570813905021435E-010
   1.6399999186396599        9.8477737342171083E-010
   1.6599999181926250        9.8391166939381450E-010
   1.6799999177455902        9.8310905379179245E-010
   1.6999999172985554        9.8236774490485890E-010
   1.7199999168515205        9.8168614286235193E-010
   1.7399999164044857        9.8106282130547678E-010
   1.7599999159574509        9.8049652014486816E-010
   1.7799999155104160        9.7998613950952927E-010
   1.7999999150633812        9.7953073471299221E-010
   1.8199999146163464        9.7912951222291658E-010
   1.8399999141693115        9.7878182662419764E-010
   1.8599999137222767        9.7848717849611663E-010
   1.8799999132752419        9.7824521330359431E-010
   1.8999999128282070        9.7805572118690491E-010
   1.9199999123811722        9.7791863778580522E-010
   1.9399999119341373        9.7783404601875177E-010
   1.9599999114871025        9.7780217890491241E-010
   1.9799999110400677        9.7782342353625003E-010
   1.9999999105930328        9.7789832615405674E-010
   2.0199999101459980        9.7802759856268150E-010
   2.0399999096989632        9.7821212587956754E-010
   2.0599999092519283        9.7845297581570719E-010
   2.0799999088048935        9.7875140965489056E-010
   2.0999999083578587        9.7910889504968676E-010
   2.1199999079108238        9.7952712099466610E-010
   2.1399999074637890        9.8000801514959929E-010
   2.1599999070167542        9.8055376387219611E-010
   2.1799999065697193        9.8116683538558704E-010
   2.1999999061226845        9.8185000649856692E-010
   2.2199999056756496        9.8260639350182283E-010
   2.2399999052286148        9.8343948784118441E-010
   2.2599999047815800        9.8435319745192886E-010
   2.2799999043345451        9.8535189472478024E-010
   2.2999999038875103        9.8644047221566777E-010
   2.3199999034404755        9.8762440766219294E-010
   2.3399999029934406        9.8890984005601808E-010
   2.3599999025464058        9.9030365882913179E-010
   2.3799999020993710        9.9181360909189100E-010
   2.3999999016523361        9.9344841608894273E-010
   2.4199999012053013        9.9521793309016281E-010
   2.4399999007582664        9.9713331811280351E-010
   2.4599999003112316        9.9920724599100077E-010
   2.4799998998641968        1.0014541644299579E-009
   2.4999998994171619        1.0038906047950646E-009
   2.5199998989701271        1.0065355617410828E-009
   2.5399998985230923        1.0094109598493184E-009
   2.5599998980760574        1.0125422308547815E-009
   2.5799998976290226        1.0159590327105876E-009
   2.5999998971819878        1.0196961511378729E-009
   2.6199998967349529        1.0237946376686566E-009
   2.6399998962879181        1.0283032550208524E-009
   2.6599998958408833        1.0332803230223692E-009
   2.6799998953938484        1.0387960864232854E-009
   2.6999998949468136        1.0449357611205680E-009
   2.7199998944997787        1.0518034609865787E-009
   2.7399998940527439        1.0595272801788090E-009
   2.7599998936057091        1.0682659875893798E-009
   2.7799998931586742        1.0782184210216324E-009
   2.7999998927116394        1.0896390676665284E-009
   2.8199998922646046        1.1028722223070709E-009
   2.8399998918175697        1.1184481557460887E-009
   2.8599998913705349        1.1373828151342941E-009
   2.8799998909235001        1.1620833676055536E-009
   2.8999998904764652        1.1987223538675639E-009
   2.9199998900294304        1.2616804359482889E-009
   2.9399998895823956        1.3746641023162496E-009
   2.9599998891353607        1.5406316819698422E-009
   2.9799998886883259        1.6334361815892334E-009
   2.9999998882412910        1.3239913270492935E-009
   3.0199998877942562        6.3568666160086540E-010
   3.0399998873472214        1.0039197222712653E-009
   3.0599998869001865        2.7625978040183662E-009
   3.0799998864531517        1.3098657323494781E-009
   3.0999998860061169        1.2176975782007006E-009
   3.1199998855590820        8.0269083097770451E-009
