  -2.0000000000000000        1.7276926883467002E-007
  -1.9800000004470348        3.2276414305946244E-009
  -1.9600000008940697        1.1171388228613057E-007
  -1.9400000013411045        2.3770433979973583E-008
  -1.9200000017881393        1.9180722249935015E-007
  -1.9000000022351742        7.0667974947707584E-008
  -1.8800000026822090        1.6923131896006561E-007
  -1.8600000031292439        7.9939875931706923E-008
  -1.8400000035762787        1.2829646562299857E-007
  -1.8200000040233135        1.0049531336896693E-007
  -1.8000000044703484        1.8157055538580538E-007
  -1.7800000049173832        2.0911454734940035E-007
  -1.7600000053644180        2.9086756654893005E-007
  -1.7400000058114529        2.9752448866886894E-007
  -1.7200000062584877        2.8484604993892160E-007
  -1.7000000067055225        2.1170126495526227E-007
  -1.6800000071525574        1.3613254959072959E-007
  -1.6600000075995922        8.8471605032083751E-008
  -1.6400000080466270        1.1925015176024633E-007
  -1.6200000084936619        2.1639531813667482E-007
  -1.6000000089406967        3.4303458654896002E-007
  -1.5800000093877316        4.1153384782148602E-007
  -1.5600000098347664        3.7882913246597864E-007
  -1.5400000102818012        2.5635060188610186E-007
  -1.5200000107288361        1.4008651898227269E-007
  -1.5000000111758709        1.3334218438863037E-007
  -1.4800000116229057        2.6212535832191469E-007
  -1.4600000120699406        4.3230247120559601E-007
  -1.4400000125169754        4.8633149282104704E-007
  -1.4200000129640102        3.7148522005343536E-007
  -1.4000000134110451        1.9836274460293519E-007
  -1.3800000138580799        1.6908311909642204E-007
  -1.3600000143051147        3.4036346659244495E-007
  -1.3400000147521496        5.3689222960474581E-007
  -1.3200000151991844        5.2093513164782660E-007
  -1.3000000156462193        3.1254739688829452E-007
  -1.2800000160932541        1.9589109202315056E-007
  -1.2600000165402889        3.6417220202840541E-007
  -1.2400000169873238        6.0975474741083356E-007
  -1.2200000174343586        5.7641122435641246E-007
  -1.2000000178813934        3.2001584751431152E-007
  -1.1800000183284283        2.7023858983583012E-007
  -1.1600000187754631        5.5633785365152404E-007
  -1.1400000192224979        7.1235418525696702E-007
  -1.1200000196695328        4.9578850152039691E-007
  -1.1000000201165676        3.0643034377506241E-007
  -1.0800000205636024        5.3991640314725594E-007
  -1.0600000210106373        7.8140635999088046E-007
  -1.0400000214576721        6.7880974711066333E-007
  -1.0200000219047070        4.2454237565016460E-007
  -1.0000000223517418        4.7962998875830082E-007
 -0.98000002279877663        8.4473824023447698E-007
 -0.96000002324581146        1.4121898797255331E-006
 -0.94000002369284630        1.4177103026419897E-006
 -0.92000002413988113        2.7036892016015837E-007
 -0.90000002458691597        2.5730084337949630E-006
 -0.88000002503395081        9.4301038028008084E-006
 -0.86000002548098564        1.8732769163606460E-005
 -0.84000002592802048        2.0423022661126184E-005
 -0.82000002637505531        4.9942659749549484E-005
 -0.80000002682209015        1.2605063678207019E-004
 -0.78000002726912498        2.7629109329020831E-004
 -0.76000002771615982        4.6133795061548550E-004
 -0.74000002816319466        8.4130303937101540E-004
 -0.72000002861022949        1.6106309053323942E-003
 -0.70000002905726433        3.1079647724177252E-003
 -0.68000002950429916        5.4774615328825093E-003
 -0.66000002995133400        9.1963306353313248E-003
 -0.64000003039836884        1.5269250951282723E-002
 -0.62000003084540367        2.5307314335051408E-002
 -0.60000003129243851        4.1341330001600292E-002
 -0.58000003173947334        6.4871383656198836E-002
 -0.56000003218650818        9.8747386862625311E-002
 -0.54000003263354301       0.14583182464907321     
 -0.52000003308057785       0.21217192093048085     
 -0.50000003352761269       0.30188831933242810     
 -0.48000003397464752       0.42055901354800218     
 -0.46000003442168236       0.56964657996616852     
 -0.44000003486871719       0.75131210337805809     
 -0.42000003531575203       0.96465294274787616     
 -0.40000003576278687        1.2064192983923985     
 -0.38000003620982170        1.4742183829203361     
 -0.36000003665685654        1.7624463013698382     
 -0.34000003710389137        2.0716055741477670     
 -0.32000003755092621        2.3830125677545189     
 -0.30000003799796104        2.6644959381078261     
 -0.28000003844499588        2.8595719232516248     
 -0.26000003889203072        2.9465902962567068     
 -0.24000003933906555        2.9706626206579392     
 -0.22000003978610039        3.0284272914616670     
 -0.20000004023313522        3.1628516711979433     
 -0.18000004068017006        3.2421364743019372     
 -0.16000004112720490        3.0436015652597970     
 -0.14000004157423973        2.4673951321914092     
 -0.12000004202127457        1.7772005756676077     
 -0.10000004246830940        1.4336918691299696     
  -8.0000042915344238E-002   1.6628694320257891     
  -6.0000043362379074E-002   2.1316924610297323     
  -4.0000043809413910E-002   2.1593344478675816     
  -2.0000044256448746E-002   1.4681394882418737     
  -4.4703483581542969E-008  0.44669030081737809     
   1.9999954849481583E-002   4.0707329432641054E-003
   3.9999954402446747E-002   1.1095724758814283E-005
   5.9999953955411911E-002   2.3844139535071577E-006
   7.9999953508377075E-002   1.9805002892200605E-006
   9.9999953061342239E-002   5.2884946949392402E-008
  0.11999995261430740        1.2259154272143145E-006
  0.13999995216727257        3.6301092614556144E-007
  0.15999995172023773        1.2159703052384252E-006
  0.17999995127320290        8.6488477708786423E-007
  0.19999995082616806        1.2887212774952407E-006
  0.21999995037913322        1.4329985860530347E-006
  0.23999994993209839        1.3730665899356655E-006
  0.25999994948506355        2.0393481451732159E-006
  0.27999994903802872        1.5169022461529847E-006
  0.29999994859099388        2.5713440696259903E-006
  0.31999994814395905        1.8125936699315880E-006
  0.33999994769692421        2.8271358739892261E-006
  0.35999994724988937        2.3596172293182175E-006
  0.37999994680285454        2.7473367246700727E-006
  0.39999994635581970        3.1014992949611902E-006
  0.41999994590878487        2.5665881264383201E-006
  0.43999994546175003        3.5358382295322647E-006
  0.45999994501471519        2.6654003502177588E-006
  0.47999994456768036        3.2474032072604003E-006
  0.49999994412064552        3.2214614261801559E-006
  0.51999994367361069        2.6569063181722295E-006
  0.53999994322657585        3.4224051731543595E-006
  0.55999994277954102        2.5697638195366903E-006
  0.57999994233250618        2.7472336065396331E-006
  0.59999994188547134        3.0008829286207852E-006
  0.61999994143843651        2.1143035008295720E-006
  0.63999994099140167        2.6119385337165266E-006
  0.65999994054436684        2.4162551799634871E-006
  0.67999994009733200        1.7877829604969501E-006
  0.69999993965029716        2.3033556046590659E-006
  0.71999993920326233        1.9417337238612059E-006
  0.73999993875622749        1.4879832220856656E-006
  0.75999993830919266        1.9524960692408428E-006
  0.77999993786215782        1.6297659090758693E-006
  0.79999993741512299        1.2007390713720990E-006
  0.81999993696808815        1.6103406328069794E-006
  0.83999993652105331        1.4530548713149842E-006
  0.85999993607401848        9.6267892278811153E-007
  0.87999993562698364        1.2601316336521001E-006
  0.89999993517994881        1.3429255066653419E-006
  0.91999993473291397        8.5124413208275363E-007
  0.93999993428587914        8.9269737644805762E-007
  0.95999993383884430        1.1773414093862503E-006
  0.97999993339180946        9.1112725976122104E-007
  0.99999993294477463        6.1365145040866715E-007
   1.0199999324977398        8.5705229704421923E-007
   1.0399999320507050        9.6644713998113814E-007
   1.0599999316036701        6.3658290609995392E-007
   1.0799999311566353        4.9982949432212008E-007
   1.0999999307096004        7.3882916821905908E-007
   1.1199999302625656        7.9035593634681300E-007
   1.1399999298155308        5.1116158126769010E-007
   1.1599999293684959        3.8322606612346087E-007
   1.1799999289214611        5.6766454954878103E-007
   1.1999999284744263        6.6733458920844025E-007
   1.2199999280273914        4.9259042952804866E-007
   1.2399999275803566        2.9501306077272383E-007
   1.2599999271333218        3.5650388813808259E-007
   1.2799999266862869        5.1573138854372467E-007
   1.2999999262392521        5.1886856314443851E-007
   1.3199999257922173        3.3959739559442805E-007
   1.3399999253451824        2.0564160589105770E-007
   1.3599999248981476        2.7224599331141499E-007
   1.3799999244511127        4.0568308451600245E-007
   1.3999999240040779        4.2789792288249509E-007
   1.4199999235570431        3.0813663020672062E-007
   1.4399999231100082        1.7033854633380308E-007
   1.4599999226629734        1.4818881212750835E-007
   1.4799999222159386        2.3183472280232897E-007
   1.4999999217689037        3.1961404785517204E-007
   1.5199999213218689        3.2996647921711765E-007
   1.5399999208748341        2.4816153568399687E-007
   1.5599999204277992        1.3822566891795994E-007
   1.5799999199807644        8.4675839122094077E-008
   1.5999999195337296        1.0909514513963894E-007
   1.6199999190866947        1.7273334659995381E-007
   1.6399999186396599        2.2897652983380601E-007
   1.6599999181926250        2.4451671598433160E-007
   1.6799999177455902        2.0786765404161325E-007
   1.6999999172985554        1.4027869974028906E-007
   1.7199999168515205        7.7871088581771568E-008
   1.7399999164044857        4.2444450811248813E-008
   1.7599999159574509        3.9530867716826102E-008
   1.7799999155104160        6.4932851211554226E-008
   1.7999999150633812        1.0167364365035149E-007
   1.8199999146163464        1.3038889644978356E-007
   1.8399999141693115        1.4606549891786315E-007
   1.8599999137222767        1.5030767246398318E-007
   1.8799999132752419        1.3924426999511143E-007
   1.8999999128282070        1.1410260228775621E-007
   1.9199999123811722        8.6308629355018983E-008
   1.9399999119341373        6.2045404723730183E-008
   1.9599999114871025        3.9295481180503462E-008
   1.9799999110400677        2.0250886565511459E-008
   1.9999999105930328        9.0476517323422135E-009
   2.0199999101459980        3.3780647912459497E-009
   2.0399999096989632        4.5894550339472299E-010
   2.0599999092519283        8.4165814060072622E-010
   2.0799999088048935        2.7678359260710121E-009
   2.0999999083578587        4.5345247555711992E-009
   2.1199999079108238        7.8510224657327238E-009
   2.1399999074637890        1.1293494107524388E-008
   2.1599999070167542        1.2076855868153131E-008
   2.1799999065697193        1.3544986183405780E-008
   2.1999999061226845        1.6870836465511447E-008
   2.2199999056756496        1.6984054010219792E-008
   2.2399999052286148        1.5903258888795549E-008
   2.2599999047815800        1.8522382528672958E-008
   2.2799999043345451        1.9171239374902470E-008
   2.2999999038875103        1.6468463610818822E-008
   2.3199999034404755        1.8212556365266289E-008
   2.3399999029934406        1.9804278953537870E-008
   2.3599999025464058        1.6277691466639652E-008
   2.3799999020993710        1.7441727140522816E-008
   2.3999999016523361        1.9845519180668154E-008
   2.4199999012053013        1.5647633937346222E-008
   2.4399999007582664        1.6951158685760711E-008
   2.4599999003112316        1.9753997435070739E-008
   2.4799998998641968        1.4586211711497273E-008
   2.4999998994171619        1.7220293688942459E-008
   2.5199998989701271        1.9401592226528221E-008
   2.5399998985230923        1.3215783809410701E-008
   2.5599998980760574        1.8712812359137662E-008
   2.5799998976290226        1.7948249924146456E-008
   2.5999998971819878        1.2484081713224519E-008
   2.6199998967349529        2.1247587522138704E-008
   2.6399998962879181        1.4300765676226993E-008
   2.6599998958408833        1.4808097670463613E-008
   2.6799998953938484        2.2217768095055394E-008
   2.6999998949468136        9.7900257747965945E-009
   2.7199998944997787        2.1877692173536663E-008
   2.7399998940527439        1.6687742756478922E-008
   2.7599998936057091        1.1837014840120032E-008
   2.7799998931586742        2.7127673715372387E-008
   2.7999998927116394        6.9708671332738388E-009
   2.8199998922646046        2.6036500826038365E-008
   2.8399998918175697        1.7011569691974658E-008
   2.8599998913705349        1.2797451734445244E-008
   2.8799998909235001        3.2765999559470688E-008
   2.8999998904764652        3.3643441052775675E-009
   2.9199998900294304        3.6855244110227137E-008
   2.9399998895823956        1.1059026520993447E-008
   2.9599998891353607        2.3636700922592411E-008
   2.9799998886883259        3.0468688043193704E-008
   2.9999998882412910        6.3980337772920571E-009
   3.0199998877942562        4.3081202156701120E-008
   3.0399998873472214        3.1894727224088855E-009
   3.0599998869001865        3.6313937957087945E-008
   3.0799998864531517        1.7413296845899561E-008
   3.0999998860061169        1.1554661426776276E-008
   3.1199998855590820        3.7019747306633410E-008
