  -2.0000000000000000        2.2387973433568427E-007
  -1.9800000004470348        5.6266138232651353E-009
  -1.9600000008940697        3.3839216713606565E-007
  -1.9400000013411045        1.0444011641591327E-007
  -1.9200000017881393        3.1137613247224096E-007
  -1.9000000022351742        7.4199521641050217E-008
  -1.8800000026822090        3.5524401005272747E-008
  -1.8600000031292439        1.3660690354766879E-008
  -1.8400000035762787        1.8712078568921828E-007
  -1.8200000040233135        3.4984228563587715E-007
  -1.8000000044703484        6.8324536238518494E-007
  -1.7800000049173832        6.8669147478479552E-007
  -1.7600000053644180        6.7404046353560853E-007
  -1.7400000058114529        3.7409535109371664E-007
  -1.7200000062584877        1.2988524687859151E-007
  -1.7000000067055225        1.2565552310533127E-009
  -1.6800000071525574        1.1469279088428419E-007
  -1.6600000075995922        4.0427957872977433E-007
  -1.6400000080466270        6.7725260941611361E-007
  -1.6200000084936619        7.3565777894190778E-007
  -1.6000000089406967        5.2565506633617049E-007
  -1.5800000093877316        1.9790226539249712E-007
  -1.5600000098347664        2.2027420479121858E-008
  -1.5400000102818012        1.6438315258071893E-007
  -1.5200000107288361        5.1625226145757522E-007
  -1.5000000111758709        7.5566376765802441E-007
  -1.4800000116229057        6.3645779826496205E-007
  -1.4600000120699406        2.6780637983344835E-007
  -1.4400000125169754        4.8996924998293895E-008
  -1.4200000129640102        2.5063602212738465E-007
  -1.4000000134110451        6.6903156261511395E-007
  -1.3800000138580799        7.9641377042110506E-007
  -1.3600000143051147        4.6058665335808096E-007
  -1.3400000147521496        9.8341434694514692E-008
  -1.3200000151991844        2.3819373251467856E-007
  -1.3000000156462193        7.2516014793837658E-007
  -1.2800000160932541        8.4894410212344153E-007
  -1.2600000165402889        4.1197993706157876E-007
  -1.2400000169873238        1.0966365038517397E-007
  -1.2200000174343586        4.8939740323918117E-007
  -1.2000000178813934        9.5246049835095947E-007
  -1.1800000183284283        6.8994762073069520E-007
  -1.1600000187754631        1.7464770855138067E-007
  -1.1400000192224979        4.1417189168635089E-007
  -1.1200000196695328        1.0171224004419389E-006
  -1.1000000201165676        7.8933055629006791E-007
  -1.0800000205636024        2.2565953817571366E-007
  -1.0600000210106373        5.7410242520250318E-007
  -1.0400000214576721        1.1606861191426997E-006
  -1.0200000219047070        6.0738036076215073E-007
  -1.0000000223517418        2.5985963947796451E-007
 -0.98000002279877663        1.3850943146155617E-006
 -0.96000002324581146        1.3987961891070117E-006
 -0.94000002369284630        1.3312844693744162E-008
 -0.92000002413988113        5.3234179853338350E-007
 -0.90000002458691597        6.2841783793711634E-006
 -0.88000002503395081        6.6522752165582207E-006
 -0.86000002548098564        8.2232375188405830E-006
 -0.84000002592802048        1.2634265438770290E-005
 -0.82000002637505531        5.4803477590744794E-005
 -0.80000002682209015        1.0625351079334005E-004
 -0.78000002726912498        2.0063422660002742E-004
 -0.76000002771615982        3.1930356833911514E-004
 -0.74000002816319466        6.6588175306937325E-004
 -0.72000002861022949        1.3132709283629599E-003
 -0.70000002905726433        2.4711869391258155E-003
 -0.68000002950429916        4.2135157897911727E-003
 -0.66000002995133400        7.0867514627036034E-003
 -0.64000003039836884        1.2044557612946075E-002
 -0.62000003084540367        2.0211824393739513E-002
 -0.60000003129243851        3.3207292608272952E-002
 -0.58000003173947334        5.1925492947021611E-002
 -0.56000003218650818        7.9505114114176170E-002
 -0.54000003263354301       0.11815843431209862     
 -0.52000003308057785       0.17394039130872516     
 -0.50000003352761269       0.24954780097227838     
 -0.48000003397464752       0.35098573874045313     
 -0.46000003442168236       0.47973965326740459     
 -0.44000003486871719       0.63919608088883495     
 -0.42000003531575203       0.82920947226829267     
 -0.40000003576278687        1.0465748554803234     
 -0.38000003620982170        1.2924528177583889     
 -0.36000003665685654        1.5641776196957919     
 -0.34000003710389137        1.8702249912711912     
 -0.32000003755092621        2.1897397517035362     
 -0.30000003799796104        2.4859628718103082     
 -0.28000003844499588        2.6908511586521660     
 -0.26000003889203072        2.7865635536544282     
 -0.24000003933906555        2.8397495147650980     
 -0.22000003978610039        2.9699867229620800     
 -0.20000004023313522        3.2176310523887839     
 -0.18000004068017006        3.3947494166875565     
 -0.16000004112720490        3.2204240468300998     
 -0.14000004157423973        2.5818480689881489     
 -0.12000004202127457        1.8253075502974332     
 -0.10000004246830940        1.5169549268678659     
  -8.0000042915344238E-002   1.9080612067867693     
  -6.0000043362379074E-002   2.5621598083410331     
  -4.0000043809413910E-002   2.6329709880584180     
  -2.0000044256448746E-002   1.7973848073900756     
  -4.4703483581542969E-008  0.54702112979343531     
   1.9999954849481583E-002   4.9828846443623100E-003
   3.9999954402446747E-002   1.1026182752226442E-005
   5.9999953955411911E-002   5.1446838828971983E-006
   7.9999953508377075E-002   3.8918045362197783E-007
   9.9999953061342239E-002   1.3899938564958819E-006
  0.11999995261430740        4.8308658298211200E-008
  0.13999995216727257        1.2076966526202132E-006
  0.15999995172023773        4.0785627975444198E-007
  0.17999995127320290        1.2926757976110179E-006
  0.19999995082616806        8.6750021394989407E-007
  0.21999995037913322        1.3868770992523170E-006
  0.23999994993209839        1.3768748863141798E-006
  0.25999994948506355        1.4662005099999824E-006
  0.27999994903802872        1.9250435359982108E-006
  0.29999994859099388        1.5868385321605871E-006
  0.31999994814395905        2.4286250361566843E-006
  0.33999994769692421        1.8322880192956082E-006
  0.35999994724988937        2.7032328366598157E-006
  0.37999994680285454        2.2693115598001108E-006
  0.39999994635581970        2.6655253520917830E-006
  0.41999994590878487        2.8748924971599346E-006
  0.43999994546175003        2.5247232078223184E-006
  0.45999994501471519        3.2851704769248384E-006
  0.47999994456768036        2.5773599584295167E-006
  0.49999994412064552        3.0904982197409924E-006
  0.51999994367361069        2.9855106471392397E-006
  0.53999994322657585        2.6154328327734661E-006
  0.55999994277954102        3.2002893375697015E-006
  0.57999994233250618        2.4727632555269050E-006
  0.59999994188547134        2.6830225165995455E-006
  0.61999994143843651        2.7966686584398958E-006
  0.63999994099140167        2.1234045192344586E-006
  0.65999994054436684        2.5452910748867779E-006
  0.67999994009733200        2.2645881627179976E-006
  0.69999993965029716        1.8526593684311913E-006
  0.71999993920326233        2.2532716323356619E-006
  0.73999993875622749        1.8276072532350873E-006
  0.75999993830919266        1.5846645726222832E-006
  0.77999993786215782        1.9287298967051137E-006
  0.79999993741512299        1.5214787269523016E-006
  0.81999993696808815        1.3129466228077716E-006
  0.83999993652105331        1.6282497136811377E-006
  0.85999993607401848        1.3310384067459891E-006
  0.87999993562698364        1.0568437675064749E-006
  0.89999993517994881        1.3421927174837231E-006
  0.91999993473291397        1.2284489025804142E-006
  0.93999993428587914        8.6033943368174277E-007
  0.95999993383884430        1.0430605257749075E-006
  0.97999993339180946        1.1420964034652644E-006
  0.99999993294477463        7.9560642253690142E-007
   1.0199999324977398        7.4649005115110463E-007
   1.0399999320507050        9.6190587991136266E-007
   1.0599999316036701        8.5610644310329198E-007
   1.0799999311566353        5.7963556364249256E-007
   1.0999999307096004        6.6642698801099295E-007
   1.1199999302625656        8.1698487470727892E-007
   1.1399999298155308        6.6584851594107993E-007
   1.1599999293684959        4.5501372084186593E-007
   1.1799999289214611        5.4624190544551501E-007
   1.1999999284744263        6.8310849052877901E-007
   1.2199999280273914        5.7256163455354682E-007
   1.2399999275803566        3.6670089089215214E-007
   1.2599999271333218        4.0259156761031802E-007
   1.2799999266862869        5.4523980852098675E-007
   1.2999999262392521        5.3073630803882254E-007
   1.3199999257922173        3.5284673833056833E-007
   1.3399999253451824        2.7060970815561569E-007
   1.3599999248981476        3.6004702136809086E-007
   1.3799999244511127        4.5398309302165005E-007
   1.3999999240040779        4.1304277707712972E-007
   1.4199999235570431        2.6481365659583191E-007
   1.4399999231100082        1.9560920419362126E-007
   1.4599999226629734        2.6353933963900883E-007
   1.4799999222159386        3.4941802438553408E-007
   1.4999999217689037        3.5211990732602207E-007
   1.5199999213218689        2.6149238047368703E-007
   1.5399999208748341        1.5919556946184058E-007
   1.5599999204277992        1.4004175742416220E-007
   1.5799999199807644        2.0167801960745050E-007
   1.5999999195337296        2.6580540805014624E-007
   1.6199999190866947        2.7481602277231563E-007
   1.6399999186396599        2.2359331587764407E-007
   1.6599999181926250        1.4330628754742803E-007
   1.6799999177455902        8.7922459750564294E-008
   1.6999999172985554        9.2215888003591976E-008
   1.7199999168515205        1.3479318899694621E-007
   1.7399999164044857        1.7650560876562235E-007
   1.7599999159574509        1.9944080831415249E-007
   1.7799999155104160        1.9018832528527892E-007
   1.7999999150633812        1.4637528237620161E-007
   1.8199999146163464        9.4284004936794604E-008
   1.8399999141693115        5.6867180307310938E-008
   1.8599999137222767        3.8594437204953689E-008
   1.8799999132752419        4.3835409027415780E-008
   1.8999999128282070        6.6052156844281359E-008
   1.9199999123811722        8.7585706861625743E-008
   1.9399999119341373        1.0584230889238163E-007
   1.9599999114871025        1.2015291189847440E-007
   1.9799999110400677        1.1919776470344647E-007
   1.9999999105930328        1.0688714955803222E-007
   2.0199999101459980        9.4220950892862576E-008
   2.0399999096989632        7.6113597281846266E-008
   2.0599999092519283        5.3274325815993503E-008
   2.0799999088048935        3.6910175011024627E-008
   2.0999999083578587        2.4776910743769760E-008
   2.1199999079108238        1.2659565923558929E-008
   2.1399999074637890        5.7196233717662056E-009
   2.1599999070167542        2.7747541808188639E-009
   2.1799999065697193        4.1701733338375664E-010
   2.1999999061226845        3.0588548099026883E-010
   2.2199999056756496        7.5908757104737210E-010
   2.2399999052286148        1.5657347124035329E-009
   2.2599999047815800        3.9500643531240921E-009
   2.2799999043345451        4.3149356382760948E-009
   2.2999999038875103        4.9667179242880867E-009
   2.3199999034404755        7.9777146257770129E-009
   2.3399999029934406        7.3282633044171344E-009
   2.3599999025464058        7.2529208764693768E-009
   2.3799999020993710        1.0528877835826994E-008
   2.3999999016523361        8.6664318807189874E-009
   2.4199999012053013        8.4559780578076521E-009
   2.4399999007582664        1.1957765967621653E-008
   2.4599999003112316        8.6015863805509443E-009
   2.4799998998641968        9.4376728323507242E-009
   2.4999998994171619        1.2591341008767796E-008
   2.5199998989701271        7.6228903914293497E-009
   2.5399998985230923        1.1092669870284716E-008
   2.5599998980760574        1.1998100969361061E-008
   2.5799998976290226        6.7566563951054708E-009
   2.5999998971819878        1.3657229105422994E-008
   2.6199998967349529        9.2737797782797477E-009
   2.6399998962879181        8.2367180239358978E-009
   2.6599998958408833        1.5187862596529179E-008
   2.6799998953938484        5.3115855400432635E-009
   2.6999998949468136        1.3905238064742749E-008
   2.7199998944997787        1.1463906029328225E-008
   2.7399998940527439        6.0871689197630995E-009
   2.7599998936057091        1.8998723811206754E-008
   2.7799998931586742        3.5577898279704531E-009
   2.7999998927116394        1.7014335542187375E-008
   2.8199998922646046        1.2268267664173513E-008
   2.8399998918175697        6.7250314104115957E-009
   2.8599998913705349        2.3919678363691729E-008
   2.8799998909235001        9.5438170073243048E-010
   2.8999998904764652        2.5609141318387181E-008
   2.9199998900294304        8.4279858349627886E-009
   2.9399998895823956        1.4681005713563788E-008
   2.9599998891353607        2.3333477530278102E-008
   2.9799998886883259        2.4533963131332230E-009
   2.9999998882412910        3.1408905189931283E-008
   3.0199998877942562        1.4881451281906052E-009
   3.0399998873472214        2.4549711265197663E-008
   3.0599998869001865        1.1756323298712353E-008
   3.0799998864531517        9.9155241659240844E-009
   3.0999998860061169        1.1048292534617077E-008
   3.1199998855590820        2.4820484347933337E-008
