  -2.0000000000000000        2.4867063598685087E-007
  -1.9800000004470348        3.7555044009335483E-008
  -1.9600000008940697        5.3146955259906246E-007
  -1.9400000013411045        1.6436881149069067E-007
  -1.9200000017881393        3.3620140517079183E-007
  -1.9000000022351742        1.9179082728371492E-008
  -1.8800000026822090        2.8681565553568214E-008
  -1.8600000031292439        3.8331077533112955E-007
  -1.8400000035762787        7.2350542611046530E-007
  -1.8200000040233135        8.5888075799789610E-007
  -1.8000000044703484        7.9659846875958323E-007
  -1.7800000049173832        3.4610074117144063E-007
  -1.7600000053644180        8.0272314593420212E-008
  -1.7400000058114529        2.7067804000868885E-008
  -1.7200000062584877        2.1613083239846128E-007
  -1.7000000067055225        5.1280379545626477E-007
  -1.6800000071525574        5.8704892365747181E-007
  -1.6600000075995922        4.8785529802852179E-007
  -1.6400000080466270        2.4653764578283279E-007
  -1.6200000084936619        9.8945427867277012E-008
  -1.6000000089406967        1.2038867191523117E-007
  -1.5800000093877316        2.8555872941300132E-007
  -1.5600000098347664        4.5457998112702950E-007
  -1.5400000102818012        4.8135690080291491E-007
  -1.5200000107288361        3.4807175635947833E-007
  -1.5000000111758709        1.7821206002590416E-007
  -1.4800000116229057        1.6154547943188852E-007
  -1.4600000120699406        3.4493173775886874E-007
  -1.4400000125169754        5.3724269787009924E-007
  -1.4200000129640102        5.0546001877468923E-007
  -1.4000000134110451        2.7559559120513052E-007
  -1.3800000138580799        1.7039469099160911E-007
  -1.3600000143051147        3.7791300895559020E-007
  -1.3400000147521496        6.2969673481452784E-007
  -1.3200000151991844        5.4898744178987509E-007
  -1.3000000156462193        2.5202949581506183E-007
  -1.2800000160932541        2.5273769975049294E-007
  -1.2600000165402889        6.0094131575301037E-007
  -1.2400000169873238        7.1952467274706271E-007
  -1.2200000174343586        3.9423953719167771E-007
  -1.2000000178813934        2.4202622104323262E-007
  -1.1800000183284283        6.1455211907845629E-007
  -1.1600000187754631        8.2816612661918110E-007
  -1.1400000192224979        4.5573377461278556E-007
  -1.1200000196695328        2.8927112224492343E-007
  -1.1000000201165676        7.5879080613860153E-007
  -1.0800000205636024        9.1766091613762444E-007
  -1.0600000210106373        3.8907708242675785E-007
  -1.0400000214576721        3.9332487822820178E-007
  -1.0200000219047070        1.0488670779853756E-006
  -1.0000000223517418        1.0427691025388323E-006
 -0.98000002279877663        4.0639266741131328E-007
 -0.96000002324581146        3.7299151552441027E-007
 -0.94000002369284630        1.2765015832057249E-006
 -0.92000002413988113        2.3843917438483511E-006
 -0.90000002458691597        4.0263327851916316E-006
 -0.88000002503395081        2.0142902263073385E-006
 -0.86000002548098564        4.8954472258331300E-006
 -0.84000002592802048        1.7510400833293352E-005
 -0.82000002637505531        5.1174534093729639E-005
 -0.80000002682209015        7.6627399821964866E-005
 -0.78000002726912498        1.3317648685996476E-004
 -0.76000002771615982        2.4720880583639686E-004
 -0.74000002816319466        5.5870756805253435E-004
 -0.72000002861022949        1.0712313321952001E-003
 -0.70000002905726433        1.9231131008371986E-003
 -0.68000002950429916        3.2245321534763948E-003
 -0.66000002995133400        5.5500720427006595E-003
 -0.64000003039836884        9.6110928896008495E-003
 -0.62000003084540367        1.6285240358786670E-002
 -0.60000003129243851        2.6621044088447662E-002
 -0.58000003173947334        4.1676498547882045E-002
 -0.56000003218650818        6.4025000189463221E-002
 -0.54000003263354301        9.6079438407607715E-002
 -0.52000003308057785       0.14258518125921366     
 -0.50000003352761269       0.20628126051591564     
 -0.48000003397464752       0.29251727788100762     
 -0.46000003442168236       0.40349151424049268     
 -0.44000003486871719       0.54299336598569370     
 -0.42000003531575203       0.71021195715299879     
 -0.40000003576278687       0.90352019515216875     
 -0.38000003620982170        1.1249300958013106     
 -0.36000003665685654        1.3798795171806522     
 -0.34000003710389137        1.6793237228674616     
 -0.32000003755092621        2.0038294492168727     
 -0.30000003799796104        2.3045780548984767     
 -0.28000003844499588        2.5061627887312921     
 -0.26000003889203072        2.5980672468178958     
 -0.24000003933906555        2.6749384242256937     
 -0.22000003978610039        2.8847366080727697     
 -0.20000004023313522        3.2519132098047243     
 -0.18000004068017006        3.5283895621659251     
 -0.16000004112720490        3.3636813268935284     
 -0.14000004157423973        2.6498634963634169     
 -0.12000004202127457        1.8279142142222515     
 -0.10000004246830940        1.5790006281082283     
  -8.0000042915344238E-002   2.1689842164470812     
  -6.0000043362379074E-002   3.0340538117881795     
  -4.0000043809413910E-002   3.1529638965701219     
  -2.0000044256448746E-002   2.1558518832271831     
  -4.4703483581542969E-008  0.65610371238296483     
   1.9999954849481583E-002   5.9810502879900215E-003
   3.9999954402446747E-002   1.5154423205162935E-005
   5.9999953955411911E-002   4.2435242333556389E-006
   7.9999953508377075E-002   2.1754834761452674E-006
   9.9999953061342239E-002   1.2096285141976516E-007
  0.11999995261430740        1.2792163351539599E-006
  0.13999995216727257        9.6352609630642579E-008
  0.15999995172023773        1.3311320544487308E-006
  0.17999995127320290        4.2011232246517252E-007
  0.19999995082616806        1.4504924780634537E-006
  0.21999995037913322        8.5879652759435544E-007
  0.23999994993209839        1.5030215633876779E-006
  0.25999994948506355        1.3826061522400709E-006
  0.27999994903802872        1.4879746110925586E-006
  0.29999994859099388        1.9642749500628955E-006
  0.31999994814395905        1.4973813172890751E-006
  0.33999994769692421        2.4923441854438829E-006
  0.35999994724988937        1.6825007419172124E-006
  0.37999994680285454        2.7372272494388218E-006
  0.39999994635581970        2.1454496203077328E-006
  0.41999994590878487        2.5721554835127125E-006
  0.43999994546175003        2.8214775277288853E-006
  0.45999994501471519        2.2958450253161092E-006
  0.47999994456768036        3.2811256519630707E-006
  0.49999994412064552        2.3642584164214272E-006
  0.51999994367361069        2.9998019406152571E-006
  0.53999994322657585        2.8938741695821545E-006
  0.55999994277954102        2.3877684386647010E-006
  0.57999994233250618        3.2110736395906473E-006
  0.59999994188547134        2.2995713613582667E-006
  0.61999994143843651        2.5887829522409204E-006
  0.63999994099140167        2.7882676648161070E-006
  0.65999994054436684        1.9543084222876146E-006
  0.67999994009733200        2.5769744628963349E-006
  0.69999993965029716        2.2156528630432580E-006
  0.71999993920326233        1.7426702434765105E-006
  0.73999993875622749        2.3434335354553353E-006
  0.75999993830919266        1.7605473302555571E-006
  0.77999993786215782        1.5341650536680261E-006
  0.79999993741512299        2.0375678062346329E-006
  0.81999993696808815        1.4534253277212983E-006
  0.83999993652105331        1.2961727775124632E-006
  0.85999993607401848        1.7465833088093607E-006
  0.87999993562698364        1.2713874721489875E-006
  0.89999993517994881        1.0447616488357222E-006
  0.91999993473291397        1.4681059378736815E-006
  0.93999993428587914        1.1974771376484509E-006
  0.95999993383884430        8.2372039114297494E-007
  0.97999993339180946        1.1595775112100912E-006
  0.99999993294477463        1.1848559907772164E-006
   1.0199999324977398        7.1444443080465707E-007
   1.0399999320507050        8.1455242641104943E-007
   1.0599999316036701        1.0998731248561006E-006
   1.0799999311566353        7.9001101992250391E-007
   1.0999999307096004        5.4167868849357046E-007
   1.1199999302625656        8.1382566847807089E-007
   1.1399999298155308        9.0963380502131110E-007
   1.1599999293684959        5.4637908963226184E-007
   1.1799999289214611        4.6344233926068952E-007
   1.1999999284744263        7.2532691896750749E-007
   1.2199999280273914        7.4839863993004391E-007
   1.2399999275803566        4.4009512542375208E-007
   1.2599999271333218        3.6250714911617376E-007
   1.2799999266862869        5.7989910430260546E-007
   1.2999999262392521        6.6256871549533251E-007
   1.3199999257922173        4.2138376714751368E-007
   1.3399999253451824        2.6144528843472940E-007
   1.3599999248981476        3.9547976921665049E-007
   1.3799999244511127        5.5603043005244850E-007
   1.3999999240040779        4.7745990128473669E-007
   1.4199999235570431        2.6058433670273811E-007
   1.4399999231100082        2.0592120297809570E-007
   1.4599999226629734        3.4679301301062430E-007
   1.4799999222159386        4.6616242661776754E-007
   1.4999999217689037        3.9080456615002857E-007
   1.5199999213218689        2.1413090295639773E-007
   1.5399999208748341        1.4189699508665496E-007
   1.5599999204277992        2.2169007389637918E-007
   1.5799999199807644        3.4671289707939519E-007
   1.5999999195337296        3.7074801927439777E-007
   1.6199999190866947        2.6202904668195020E-007
   1.6399999186396599        1.3488877361090860E-007
   1.6599999181926250        9.3955620278109831E-008
   1.6799999177455902        1.5369815720755747E-007
   1.6999999172985554        2.5054327356293278E-007
   1.7199999168515205        2.9405215574792114E-007
   1.7399999164044857        2.5470820816928143E-007
   1.7599999159574509        1.6429333912547799E-007
   1.7799999155104160        7.8104277421697783E-008
   1.7999999150633812        5.2212967046860078E-008
   1.8199999146163464        8.6898149338034517E-008
   1.8399999141693115        1.4413134533315594E-007
   1.8599999137222767        1.9882783044636485E-007
   1.8799999132752419        2.1819749053991437E-007
   1.8999999128282070        1.8811638707366703E-007
   1.9199999123811722        1.3609405490780212E-007
   1.9399999119341373        7.9617140473157047E-008
   1.9599999114871025        3.4152739762293277E-008
   1.9799999110400677        1.9689180333546659E-008
   1.9999999105930328        2.7351891382821915E-008
   2.0199999101459980        5.0070592458624965E-008
   2.0399999096989632        8.3523716445786548E-008
   2.0599999092519283        1.0693368210271452E-007
   2.0799999088048935        1.2301849507933212E-007
   2.0999999083578587        1.3505829416662559E-007
   2.1199999079108238        1.2658101681944399E-007
   2.1399999074637890        1.1079005137719468E-007
   2.1599999070167542        9.8401807207934569E-008
   2.1799999065697193        7.5355975345351167E-008
   2.1999999061226845        5.3241482023141511E-008
   2.2199999056756496        4.1112671153016300E-008
   2.2399999052286148        2.6258068335164463E-008
   2.2599999047815800        1.4269490196378267E-008
   2.2799999043345451        1.0277494748147027E-008
   2.2999999038875103        6.1549475846327744E-009
   2.3199999034404755        2.6870118113333868E-009
   2.3399999029934406        3.0117289147602058E-009
   2.3599999025464058        4.8230120757903369E-009
   2.3799999020993710        4.1687381259581916E-009
   2.3999999016523361        5.3465266545081438E-009
   2.4199999012053013        9.6640692612292277E-009
   2.4399999007582664        7.8881675353549001E-009
   2.4599999003112316        9.7904445459683851E-009
   2.4799998998641968        1.4504324035533735E-008
   2.4999998994171619        9.9348508559202844E-009
   2.5199998989701271        1.4726933329780067E-008
   2.5399998985230923        1.6711357239942760E-008
   2.5599998980760574        1.0866917714403882E-008
   2.5799998976290226        2.0082619403227460E-008
   2.5999998971819878        1.4816316260135667E-008
   2.6199998967349529        1.4130660448174715E-008
   2.6399998962879181        2.3217700441023917E-008
   2.6599998958408833        1.0514354888509002E-008
   2.6799998953938484        2.2476018256288358E-008
   2.6999998949468136        1.8536959538644291E-008
   2.7199998944997787        1.2442876030722586E-008
   2.7399998940527439        2.9135351877182104E-008
   2.7599998936057091        8.3547218080961130E-009
   2.7799998931586742        2.7346439565280371E-008
   2.7999998927116394        1.9289450138033944E-008
   2.8199998922646046        1.3542427648528887E-008
   2.8399998918175697        3.5320372620624654E-008
   2.8599998913705349        4.5082714924782071E-009
   2.8799998909235001        3.8508817545701726E-008
   2.8999998904764652        1.3292788106452228E-008
   2.9199998900294304        2.3963120295990624E-008
   2.9399998895823956        3.3806101495558797E-008
   2.9599998891353607        6.4543148164692170E-009
   2.9799998886883259        4.6505795645924790E-008
   2.9999998882412910        4.0895217551690395E-009
   3.0199998877942562        3.8646581394529707E-008
   3.0399998873472214        1.9149548861277571E-008
   3.0599998869001865        1.8436469229605057E-008
   3.0799998864531517        3.6690267944660511E-008
   3.0999998860061169        3.9270588814845380E-009
   3.1199998855590820        9.6865553662449256E-008
