  -2.0000000000000000        1.7573148561017576E-007
  -1.9800000004470348        1.5754592093269900E-007
  -1.9600000008940697        2.4464437349770886E-007
  -1.9400000013411045        1.4102508490782495E-007
  -1.9200000017881393        3.7179401728390555E-008
  -1.9000000022351742        3.3148430690767866E-007
  -1.8800000026822090        4.9781811727148040E-007
  -1.8600000031292439        1.1889625784921153E-006
  -1.8400000035762787        8.1780669243499743E-007
  -1.8200000040233135        3.5972777461218425E-007
  -1.8000000044703484        5.4834480935961918E-008
  -1.7800000049173832        2.5276449497557940E-007
  -1.7600000053644180        7.2687938281300990E-007
  -1.7400000058114529        9.8876220592699876E-007
  -1.7200000062584877        6.5269676402547327E-007
  -1.7000000067055225        2.3478426893611504E-007
  -1.6800000071525574        2.9552404059967466E-008
  -1.6600000075995922        1.5951375928195808E-007
  -1.6400000080466270        4.0195519160363428E-007
  -1.6200000084936619        4.7976303177378407E-007
  -1.6000000089406967        4.2849180809081664E-007
  -1.5800000093877316        2.8914793074442309E-007
  -1.5600000098347664        1.6846554746594488E-007
  -1.5400000102818012        1.6231517779155717E-007
  -1.5200000107288361        3.3489012125285328E-007
  -1.5000000111758709        5.5274405663334417E-007
  -1.4800000116229057        5.3133534253823140E-007
  -1.4600000120699406        2.5656803607103949E-007
  -1.4400000125169754        1.2287873321094843E-007
  -1.4200000129640102        4.0111914856196911E-007
  -1.4000000134110451        7.3121819018213284E-007
  -1.3800000138580799        5.8503322286350502E-007
  -1.3600000143051147        1.7688076519196488E-007
  -1.3400000147521496        2.2985656269879868E-007
  -1.3200000151991844        7.2538538200453098E-007
  -1.3000000156462193        8.1404478174698288E-007
  -1.2800000160932541        3.1556467394055974E-007
  -1.2600000165402889        1.8311821495867996E-007
  -1.2400000169873238        7.4527791845607243E-007
  -1.2200000174343586        9.3545325110283606E-007
  -1.2000000178813934        3.6604391950081690E-007
  -1.1800000183284283        2.3748200775498882E-007
  -1.1600000187754631        8.9627238520825627E-007
  -1.1400000192224979        9.6512022571534291E-007
  -1.1200000196695328        2.9342626611988212E-007
  -1.1000000201165676        4.6200110771542486E-007
  -1.0800000205636024        1.1383957890945666E-006
  -1.0600000210106373        7.5820789405127074E-007
  -1.0400000214576721        2.6930461136656061E-007
  -1.0200000219047070        1.1239790799509035E-006
  -1.0000000223517418        1.1113522212105301E-006
 -0.98000002279877663        1.8871212231885676E-007
 -0.96000002324581146        5.5083349720999603E-007
 -0.94000002369284630        2.8005644238736896E-006
 -0.92000002413988113        1.5212968138813847E-006
 -0.90000002458691597        1.2881708239123281E-006
 -0.88000002503395081        4.0726219831758959E-007
 -0.86000002548098564        9.0851527416324832E-006
 -0.84000002592802048        1.8879329608742142E-005
 -0.82000002637505531        3.8775978072758974E-005
 -0.80000002682209015        4.6406576455153261E-005
 -0.78000002726912498        9.7797202251248490E-005
 -0.76000002771615982        2.1643154454365187E-004
 -0.74000002816319466        4.7025501392459199E-004
 -0.72000002861022949        8.5805754755328176E-004
 -0.70000002905726433        1.4590564514622699E-003
 -0.68000002950429916        2.5179694788429008E-003
 -0.66000002995133400        4.3935137762070326E-003
 -0.64000003039836884        7.8087306244928574E-003
 -0.62000003084540367        1.3089059725715011E-002
 -0.60000003129243851        2.1441777289744609E-002
 -0.58000003173947334        3.3424908123887417E-002
 -0.56000003218650818        5.1824776710727771E-002
 -0.54000003263354301        7.8240262926673618E-002
 -0.52000003308057785       0.11703496303467896     
 -0.50000003352761269       0.17048900113169024     
 -0.48000003397464752       0.24364521496756500     
 -0.46000003442168236       0.33958128244771635     
 -0.44000003486871719       0.46063534852179061     
 -0.42000003531575203       0.60695628108598665     
 -0.40000003576278687       0.77521850683446192     
 -0.38000003620982170       0.97315211094091458     
 -0.36000003665685654        1.2102572670131286     
 -0.34000003710389137        1.5037171352791374     
 -0.32000003755092621        1.8288032801617662     
 -0.30000003799796104        2.1246839033640761     
 -0.28000003844499588        2.3094992029716841     
 -0.26000003889203072        2.3853080612522288     
 -0.24000003933906555        2.4855441346757132     
 -0.22000003978610039        2.7803643457137275     
 -0.20000004023313522        3.2746099071088350     
 -0.18000004068017006        3.6424433982435787     
 -0.16000004112720490        3.4699214623978656     
 -0.14000004157423973        2.6655759545458459     
 -0.12000004202127457        1.7833249786590248     
 -0.10000004246830940        1.6225588498523116     
  -8.0000042915344238E-002   2.4447181273694953     
  -6.0000043362379074E-002   3.5431757982269776     
  -4.0000043809413910E-002   3.7085166653862198     
  -2.0000044256448746E-002   2.5361881510670976     
  -4.4703483581542969E-008  0.77099998091056998     
   1.9999954849481583E-002   7.0233617588249374E-003
   3.9999954402446747E-002   1.6597965480280126E-005
   5.9999953955411911E-002   6.2645135419765847E-006
   7.9999953508377075E-002   1.1984258072104554E-006
   9.9999953061342239E-002   1.2588337743807301E-006
  0.11999995261430740        1.5816482115693713E-007
  0.13999995216727257        1.1280105162534306E-006
  0.15999995172023773        2.1229545572502864E-007
  0.17999995127320290        1.3409742863563835E-006
  0.19999995082616806        4.5783978874676479E-007
  0.21999995037913322        1.5467100989516082E-006
  0.23999994993209839        8.0356532063064526E-007
  0.25999994948506355        1.6559092361561325E-006
  0.27999994903802872        1.2516997259961861E-006
  0.29999994859099388        1.6501551276469685E-006
  0.31999994814395905        1.7965497975520850E-006
  0.33999994769692421        1.5943660357944757E-006
  0.35999994724988937        2.3563086346670897E-006
  0.37999994680285454        1.6479155642426121E-006
  0.39999994635581970        2.7083540199061511E-006
  0.41999994590878487        1.9620262293686128E-006
  0.43999994546175003        2.6299332501939609E-006
  0.45999994501471519        2.5497009256483383E-006
  0.47999994456768036        2.2982930053086969E-006
  0.49999994412064552        3.0991025329672976E-006
  0.51999994367361069        2.2030231184375168E-006
  0.53999994322657585        3.0061742013799443E-006
  0.55999994277954102        2.6014106010630409E-006
  0.57999994233250618        2.3955310414707720E-006
  0.59999994188547134        3.0551030154595579E-006
  0.61999994143843651        2.1282395847295709E-006
  0.63999994099140167        2.6527575577747344E-006
  0.65999994054436684        2.5422843096954932E-006
  0.67999994009733200        1.9364487292385175E-006
  0.69999993965029716        2.6064106505610243E-006
  0.71999993920326233        1.9925231847535110E-006
  0.73999993875622749        1.8248502942694681E-006
  0.75999993830919266        2.3264603989041168E-006
  0.77999993786215782        1.5921342471613104E-006
  0.79999993741512299        1.6651598806495598E-006
  0.81999993696808815        2.0047545050615347E-006
  0.83999993652105331        1.3159370655358602E-006
  0.85999993607401848        1.4456899214597485E-006
  0.87999993562698364        1.7385429552396665E-006
  0.89999993517994881        1.1258662802014307E-006
  0.91999993473291397        1.1903935960735228E-006
  0.93999993428587914        1.5280260301691014E-006
  0.95999993383884430        1.0205409322436497E-006
  0.97999993339180946        9.2647247062854559E-007
  0.99999993294477463        1.3172192595501576E-006
   1.0199999324977398        1.0116461312091542E-006
   1.0399999320507050        7.0382373326212848E-007
   1.0599999316036701        1.0398350236705673E-006
   1.0799999311566353        1.0519256417198717E-006
   1.0999999307096004        6.1938982798327946E-007
   1.1199999302625656        7.0370894148621540E-007
   1.1399999298155308        9.7878269027969933E-007
   1.1599999293684959        7.3933094362520801E-007
   1.1799999289214611        4.6668741705689627E-007
   1.1999999284744263        6.8098026965001702E-007
   1.2199999280273914        8.4200346910524028E-007
   1.2399999275803566        5.4716544725150711E-007
   1.2599999271333218        3.8075022823399248E-007
   1.2799999266862869        5.9328426670365493E-007
   1.2999999262392521        7.1333478351604739E-007
   1.3199999257922173        4.7490656318705493E-007
   1.3399999253451824        2.9625871835047904E-007
   1.3599999248981476        4.4862461215640633E-007
   1.3799999244511127        6.1483153604002789E-007
   1.3999999240040779        4.7905130187029263E-007
   1.4199999235570431        2.5638485075544607E-007
   1.4399999231100082        2.7679377036555676E-007
   1.4599999226629734        4.5329464330854722E-007
   1.4799999222159386        5.0727690453203131E-007
   1.4999999217689037        3.3082992528167699E-007
   1.5199999213218689        1.7806106673214433E-007
   1.5399999208748341        2.3017969255813699E-007
   1.5599999204277992        3.7330963881259074E-007
   1.5799999199807644        4.2451243822341604E-007
   1.5999999195337296        3.0035608998797105E-007
   1.6199999190866947        1.4919726319075768E-007
   1.6399999186396599        1.3757170206111363E-007
   1.6599999181926250        2.3600636425165709E-007
   1.6799999177455902        3.3611475452426569E-007
   1.6999999172985554        3.2913773060101304E-007
   1.7199999168515205        2.1202406864551050E-007
   1.7399999164044857        1.0584741164766756E-007
   1.7599999159574509        8.5760698488262017E-008
   1.7799999155104160        1.5071488764599809E-007
   1.7999999150633812        2.3882183988587202E-007
   1.8199999146163464        2.7037937637655387E-007
   1.8399999141693115        2.3409459618775025E-007
   1.8599999137222767        1.4970338045018708E-007
   1.8799999132752419        6.8811313153345459E-008
   1.8999999128282070        4.6691611207505262E-008
   1.9199999123811722        7.2278881135533477E-008
   1.9399999119341373        1.2798404334049802E-007
   1.9599999114871025        1.8194203285955068E-007
   1.9799999110400677        1.9703566393095878E-007
   1.9999999105930328        1.8444920693476909E-007
   2.0199999101459980        1.4162420170512916E-007
   2.0399999096989632        8.1966751730310899E-008
   2.0599999092519283        4.1587193796462016E-008
   2.0799999088048935        1.8058251468522351E-008
   2.0999999083578587        1.8554448421255636E-008
   2.1199999079108238        3.7573267245737603E-008
   2.1399999074637890        5.9339820118150260E-008
   2.1599999070167542        9.0876458713057011E-008
   2.1799999065697193        1.0887138894096648E-007
   2.1999999061226845        1.1594834335507011E-007
   2.2199999056756496        1.2558097961048192E-007
   2.2399999052286148        1.1232555111316426E-007
   2.2599999047815800        9.7375052168377220E-008
   2.2799999043345451        8.8067131573079969E-008
   2.2999999038875103        6.3136541263473814E-008
   2.3199999034404755        4.8305804560403979E-008
   2.3399999029934406        3.8628394527652504E-008
   2.3599999025464058        2.1493710180287718E-008
   2.3799999020993710        1.6007058676485144E-008
   2.3999999016523361        1.2115247583565073E-008
   2.4199999012053013        4.9906947182227832E-009
   2.4399999007582664        5.1452510099954873E-009
   2.4599999003112316        6.0770723245029760E-009
   2.4799998998641968        3.0578021062267544E-009
   2.4999998994171619        5.7487257400520912E-009
   2.5199998989701271        8.7871309127340103E-009
   2.5399998985230923        4.7353328677870534E-009
   2.5599998980760574        1.1510002699477608E-008
   2.5799998976290226        1.0927800937000594E-008
   2.5999998971819878        7.8000538435767955E-009
   2.6199998967349529        1.8234314868698886E-008
   2.6399998962879181        8.6050179396685372E-009
   2.6599998958408833        1.5892084200840605E-008
   2.6799998953938484        1.8505448267715463E-008
   2.6999998949468136        8.0919803683956615E-009
   2.7199998944997787        2.6273451799932093E-008
   2.7399998940527439        9.1428028096387862E-009
   2.7599998936057091        2.0844871362163519E-008
   2.7799998931586742        2.2571246618188431E-008
   2.7999998927116394        8.2048488204987510E-009
   2.8199998922646046        3.5062821251340312E-008
   2.8399998918175697        5.3364759147002660E-009
   2.8599998913705349        3.1870859928916753E-008
   2.8799998909235001        1.9448363393228855E-008
   2.8999998904764652        1.5130912734104523E-008
   2.9199998900294304        3.8799659932222621E-008
   2.9399998895823956        2.7491722242794469E-009
   2.9599998891353607        4.4289002501165487E-008
   2.9799998886883259        8.4978637916146921E-009
   2.9999998882412910        2.9862122445663704E-008
   3.0199998877942562        2.7320435809601386E-008
   3.0399998873472214        1.0003513299350586E-008
   3.0599998869001865        4.0664747927713612E-008
   3.0799998864531517        4.5253045883127257E-009
   3.0999998860061169        2.5695873308662445E-008
   3.1199998855590820        4.5970140049615470E-008
