  -2.0000000000000000        2.1896414207838439E-007
  -1.9800000004470348        5.7790831496810899E-007
  -1.9600000008940697        1.5911619133098912E-007
  -1.9400000013411045        4.9471004503685866E-007
  -1.9200000017881393        5.9027232721081865E-008
  -1.9000000022351742        7.1121692064078459E-007
  -1.8800000026822090        6.9391076490360142E-007
  -1.8600000031292439        8.4692411864121752E-007
  -1.8400000035762787        7.3373549702358791E-008
  -1.8200000040233135        1.2324315372558731E-007
  -1.8000000044703484        9.3281312210628246E-007
  -1.7800000049173832        1.0274765378435108E-006
  -1.7600000053644180        7.6814224293244090E-007
  -1.7400000058114529        1.2336957293597734E-007
  -1.7200000062584877        6.6028221412916778E-008
  -1.7000000067055225        2.6587991505560608E-007
  -1.6800000071525574        3.1048487083392479E-007
  -1.6600000075995922        2.8487530508261018E-007
  -1.6400000080466270        4.0083298504143182E-007
  -1.6200000084936619        5.0633931675054936E-007
  -1.6000000089406967        2.4589364664947578E-007
  -1.5800000093877316        4.6053069330260549E-008
  -1.5600000098347664        3.9049729430564796E-007
  -1.5400000102818012        8.9364671683252439E-007
  -1.5200000107288361        7.6146660264878447E-007
  -1.5000000111758709        1.5451899311051203E-007
  -1.4800000116229057        1.1738399108428206E-007
  -1.4600000120699406        7.9909315068353180E-007
  -1.4400000125169754        1.0782047428907406E-006
  -1.4200000129640102        4.6165328966053744E-007
  -1.4000000134110451        2.8926265967257646E-008
  -1.3800000138580799        5.8177942741682830E-007
  -1.3600000143051147        1.1379155448326855E-006
  -1.3400000147521496        6.6378389573443794E-007
  -1.3200000151991844        5.9419315570700898E-008
  -1.3000000156462193        5.1111642910470085E-007
  -1.2800000160932541        1.1515982970913266E-006
  -1.2600000165402889        7.0226967204448249E-007
  -1.2400000169873238        9.0563106892228351E-008
  -1.2200000174343586        6.3327468028846331E-007
  -1.2000000178813934        1.2075001418913458E-006
  -1.1800000183284283        5.6255168120499434E-007
  -1.1600000187754631        1.6104169114548435E-007
  -1.1400000192224979        9.8057887462659474E-007
  -1.1200000196695328        1.1526816235472510E-006
  -1.1000000201165676        2.8031455066863022E-007
  -1.0800000205636024        4.9993215284810712E-007
  -1.0600000210106373        1.4069332093007243E-006
  -1.0400000214576721        7.6760129733296612E-007
  -1.0200000219047070        2.7063605210861283E-007
  -1.0000000223517418        1.0299398786770575E-006
 -0.98000002279877663        1.2856634434228067E-006
 -0.96000002324581146        6.5063520711893072E-007
 -0.94000002369284630        2.1270802898579020E-006
 -0.92000002413988113        6.7597276977890225E-007
 -0.90000002458691597        3.2043925551105190E-007
 -0.88000002503395081        2.2725901524770243E-006
 -0.86000002548098564        1.2315412965653730E-005
 -0.84000002592802048        1.3846770966792851E-005
 -0.82000002637505531        2.3351470417352963E-005
 -0.80000002682209015        3.0146489881337528E-005
 -0.78000002726912498        8.7185969671173488E-005
 -0.76000002771615982        1.9339194423473657E-004
 -0.74000002816319466        3.8919440981288777E-004
 -0.72000002861022949        6.5901339834619464E-004
 -0.70000002905726433        1.1192600196735442E-003
 -0.68000002950429916        1.9926599578568250E-003
 -0.66000002995133400        3.5631876833027267E-003
 -0.64000003039836884        6.3593277690953574E-003
 -0.62000003084540367        1.0565340347987612E-002
 -0.60000003129243851        1.7268425850088573E-002
 -0.58000003173947334        2.6933586097984762E-002
 -0.56000003218650818        4.2111274552357129E-002
 -0.54000003263354301        6.3853150256012903E-002
 -0.52000003308057785        9.6169840265562967E-002
 -0.50000003352761269       0.14084791105839589     
 -0.48000003397464752       0.20332420594460809     
 -0.46000003442168236       0.28605440379746139     
 -0.44000003486871719       0.39107146441778906     
 -0.42000003531575203       0.51686686589416087     
 -0.40000003576278687       0.66126447449004366     
 -0.38000003620982170       0.83611297112134275     
 -0.36000003665685654        1.0574941411877041     
 -0.34000003710389137        1.3458795185797616     
 -0.32000003755092621        1.6675462595760939     
 -0.30000003799796104        1.9492689240177485     
 -0.28000003844499588        2.1026389674011332     
 -0.26000003889203072        2.1551320308732054     
 -0.24000003933906555        2.2792665346653811     
 -0.22000003978610039        2.6689365304390074     
 -0.20000004023313522        3.2920511613291428     
 -0.18000004068017006        3.7381937627949662     
 -0.16000004112720490        3.5351696709388998     
 -0.14000004157423973        2.6255475626282889     
 -0.12000004202127457        1.6943832845991973     
 -0.10000004246830940        1.6510539111906712     
  -8.0000042915344238E-002   2.7367641014391353     
  -6.0000043362379074E-002   4.0810690097651587     
  -4.0000043809413910E-002   4.2879011428780700     
  -2.0000044256448746E-002   2.9280449941103615     
  -4.4703483581542969E-008  0.88858769321183717     
   1.9999954849481583E-002   8.0794011667293733E-003
   3.9999954402446747E-002   1.9524806335424013E-005
   5.9999953955411911E-002   6.4962876426809135E-006
   7.9999953508377075E-002   1.9522232976668549E-006
   9.9999953061342239E-002   6.3196212659805141E-007
  0.11999995261430740        8.9677049806783660E-007
  0.13999995216727257        2.4511503271073343E-007
  0.15999995172023773        1.0626490929582534E-006
  0.17999995127320290        3.1395090038248499E-007
  0.19999995082616806        1.3414594698094607E-006
  0.21999995037913322        5.2453529592718952E-007
  0.23999994993209839        1.5575589737323526E-006
  0.25999994948506355        8.4461909252762957E-007
  0.27999994903802872        1.6559168528681283E-006
  0.29999994859099388        1.2783202231340464E-006
  0.31999994814395905        1.6295477463027057E-006
  0.33999994769692421        1.7975290927825458E-006
  0.35999994724988937        1.5518254604856651E-006
  0.37999994680285454        2.3030185885565700E-006
  0.39999994635581970        1.6040146203897843E-006
  0.41999994590878487        2.5959352492822854E-006
  0.43999994546175003        1.9391187350987239E-006
  0.45999994501471519        2.4848835644314191E-006
  0.47999994456768036        2.4991200624089738E-006
  0.49999994412064552        2.1606675644041838E-006
  0.51999994367361069        2.9633360949992650E-006
  0.53999994322657585        2.1357711424137837E-006
  0.55999994277954102        2.8288108224969182E-006
  0.57999994233250618        2.5487748217071430E-006
  0.59999994188547134        2.2494252733255504E-006
  0.61999994143843651        2.9255426666750986E-006
  0.63999994099140167        2.0895147866547574E-006
  0.65999994054436684        2.5076028168137564E-006
  0.67999994009733200        2.4885178274846167E-006
  0.69999993965029716        1.8692587592006922E-006
  0.71999993920326233        2.5099652247721122E-006
  0.73999993875622749        1.9859537136444818E-006
  0.75999993830919266        1.7559953760046904E-006
  0.77999993786215782        2.2796919237894211E-006
  0.79999993741512299        1.5955586863052638E-006
  0.81999993696808815        1.6262537488276252E-006
  0.83999993652105331        1.9870246287145034E-006
  0.85999993607401848        1.3126915923309391E-006
  0.87999993562698364        1.4493850891861146E-006
  0.89999993517994881        1.7274406104693648E-006
  0.91999993473291397        1.1131276972583482E-006
  0.93999993428587914        1.2303488508040416E-006
  0.95999993383884430        1.5200492120917922E-006
  0.97999993339180946        9.9152242604249732E-007
  0.99999993294477463        9.8395133787749543E-007
   1.0199999324977398        1.3365110254808018E-006
   1.0399999320507050        9.5510120154348724E-007
   1.0599999316036701        7.5150289107181307E-007
   1.0799999311566353        1.1130179997394049E-006
   1.0999999307096004        9.9086674301857127E-007
   1.1199999302625656        6.1111252726096257E-007
   1.1399999298155308        8.1019508693947892E-007
   1.1599999293684959        9.9604833513613744E-007
   1.1799999289214611        6.4505663427766449E-007
   1.1999999284744263        5.2409850037780925E-007
   1.2199999280273914        8.0420557100465884E-007
   1.2399999275803566        7.9604962225583772E-007
   1.2599999271333218        4.5957738597903814E-007
   1.2799999266862869        4.7352005734162841E-007
   1.2999999262392521        7.2543710105110233E-007
   1.3199999257922173        6.4760901007891035E-007
   1.3399999253451824        3.7050353858421229E-007
   1.3599999248981476        3.8480060984710012E-007
   1.3799999244511127        6.1048412214017762E-007
   1.3999999240040779        5.8557628897703325E-007
   1.4199999235570431        3.3233975393105038E-007
   1.4399999231100082        2.7994830379135096E-007
   1.4599999226629734        4.5242736578009834E-007
   1.4799999222159386        5.4773685447762137E-007
   1.4999999217689037        3.7569244308121804E-007
   1.5199999213218689        2.0951546446610987E-007
   1.5399999208748341        2.6701426954927115E-007
   1.5599999204277992        4.2215087170990333E-007
   1.5799999199807644        4.4581624634603233E-007
   1.5999999195337296        2.8166225003487929E-007
   1.6199999190866947        1.5648357014417336E-007
   1.6399999186396599        2.0306809421275167E-007
   1.6599999181926250        3.3018052463979655E-007
   1.6799999177455902        3.8517031776371771E-007
   1.6999999172985554        2.8075787297931492E-007
   1.7199999168515205        1.4540204986275252E-007
   1.7399999164044857        1.1430521431343541E-007
   1.7599999159574509        1.8600504659409246E-007
   1.7799999155104160        2.9048551254151735E-007
   1.7999999150633812        3.0623278635783146E-007
   1.8199999146163464        2.2490693393294388E-007
   1.8399999141693115        1.2237990706989183E-007
   1.8599999137222767        7.0004572612415772E-008
   1.8799999132752419        1.0478971036655549E-007
   1.8999999128282070        1.7430375934537657E-007
   1.9199999123811722        2.3631761366819831E-007
   1.9399999119341373        2.3976687208991045E-007
   1.9599999114871025        1.7506719510129715E-007
   1.9799999110400677        1.0385817278413191E-007
   1.9999999105930328        4.9057122103418104E-008
   2.0199999101459980        4.2472332480828521E-008
   2.0399999096989632        7.3536921538742518E-008
   2.0599999092519283        1.1854855734341103E-007
   2.0799999088048935        1.6682148700505115E-007
   2.0999999083578587        1.7471845602653752E-007
   2.1199999079108238        1.6188987816173095E-007
   2.1399999074637890        1.2744714387357343E-007
   2.1599999070167542        7.5135331494983873E-008
   2.1799999065697193        4.2814762599288814E-008
   2.1999999061226845        1.7637718619563336E-008
   2.2199999056756496        1.4029749669091050E-008
   2.2399999052286148        2.2517788274063299E-008
   2.2599999047815800        3.9213231843182295E-008
   2.2799999043345451        6.5525551976884990E-008
   2.2999999038875103        7.5621934366087388E-008
   2.3199999034404755        9.7267176284308551E-008
   2.3399999029934406        1.0210407440480656E-007
   2.3599999025464058        9.4705925734361810E-008
   2.3799999020993710        1.0139007582678635E-007
   2.3999999016523361        7.9963655345835274E-008
   2.4199999012053013        7.1507790143159977E-008
   2.4399999007582664        6.4906045132154124E-008
   2.4599999003112316        4.1248423647450054E-008
   2.4799998998641968        4.1746352544426802E-008
   2.4999998994171619        2.8757424770978388E-008
   2.5199998989701271        1.8150432507829431E-008
   2.5399998985230923        2.2139957122018072E-008
   2.5599998980760574        9.7677110867397727E-009
   2.5799998976290226        1.0995164444524349E-008
   2.5999998971819878        1.3189040000438809E-008
   2.6199998967349529        3.8958875772510744E-009
   2.6399998962879181        1.2778049455851498E-008
   2.6599998958408833        8.9454841494993503E-009
   2.6799998953938484        5.6074454861085545E-009
   2.6999998949468136        1.7801214959935842E-008
   2.7199998944997787        3.6078517653238896E-009
   2.7399998940527439        1.6919065264786329E-008
   2.7599998936057091        1.3864233856622608E-008
   2.7799998931586742        6.9829825086627546E-009
   2.7999998927116394        2.7074919855238218E-008
   2.8199998922646046        2.3590194988698081E-009
   2.8399998918175697        2.8092965072250823E-008
   2.8599998913705349        1.2885845267625473E-008
   2.8799998909235001        1.5055144018200383E-008
   2.8999998904764652        3.1248352322408218E-008
   2.9199998900294304        2.4457629152995646E-009
   2.9399998895823956        3.9561282611878889E-008
   2.9599998891353607        4.8637363079216962E-009
   2.9799998886883259        2.9058869810396903E-008
   2.9999998882412910        2.1212888347184105E-008
   3.0199998877942562        1.0407465151826040E-008
   3.0399998873472214        3.4992173498617471E-008
   3.0599998869001865        2.3489731317918487E-009
   3.0799998864531517        3.0596573789216998E-008
   3.0999998860061169        8.5267230008030933E-009
   3.1199998855590820        3.1540495622211132E-008
