  -2.0000000000000000        8.1993270739009460E-007
  -1.9800000004470348        9.1245292301281059E-007
  -1.9600000008940697        9.7389003796666605E-007
  -1.9400000013411045        6.0618807022176163E-007
  -1.9200000017881393        1.0960785029058156E-007
  -1.9000000022351742        1.2162656218196330E-007
  -1.8800000026822090        4.5528965804676768E-007
  -1.8600000031292439        6.1212481771315737E-010
  -1.8400000035762787        3.7285625215485512E-007
  -1.8200000040233135        1.0060382103172508E-006
  -1.8000000044703484        9.9367065602235021E-007
  -1.7800000049173832        1.3106982300346136E-007
  -1.7600000053644180        8.0927696964644389E-008
  -1.7400000058114529        7.2210910786767179E-007
  -1.7200000062584877        6.4941947678588713E-007
  -1.7000000067055225        2.6757070456368658E-007
  -1.6800000071525574        1.7476414568491967E-007
  -1.6600000075995922        3.6946479915497121E-007
  -1.6400000080466270        2.3984287488774485E-007
  -1.6200000084936619        1.1779474068112675E-007
  -1.6000000089406967        5.8280888237624609E-007
  -1.5800000093877316        8.3755997680569521E-007
  -1.5600000098347664        3.2101292775157060E-007
  -1.5400000102818012        3.7037181437210684E-008
  -1.5200000107288361        6.9144092715819704E-007
  -1.5000000111758709        1.1275403644326821E-006
  -1.4800000116229057        5.0139590930740145E-007
  -1.4600000120699406        2.0464131501812195E-008
  -1.4400000125169754        6.0342789774813009E-007
  -1.4200000129640102        1.0862395649184088E-006
  -1.4000000134110451        5.3805635961733335E-007
  -1.3800000138580799        6.6697051512983486E-008
  -1.3600000143051147        5.5411075842782710E-007
  -1.3400000147521496        9.6368113102790173E-007
  -1.3200000151991844        5.0200150189571242E-007
  -1.3000000156462193        1.5213435980242063E-007
  -1.2800000160932541        6.0406153658399087E-007
  -1.2600000165402889        8.9144000360999989E-007
  -1.2400000169873238        4.4583081326456873E-007
  -1.2200000174343586        2.6546053450066934E-007
  -1.2000000178813934        7.5167822221736096E-007
  -1.1800000183284283        8.4270306025886627E-007
  -1.1600000187754631        3.7132740319250299E-007
  -1.1400000192224979        4.7266907669072185E-007
  -1.1200000196695328        9.4449209764295830E-007
  -1.1000000201165676        6.9213444491930732E-007
  -1.0800000205636024        3.8638737212446922E-007
  -1.0600000210106373        9.1434831506002997E-007
  -1.0400000214576721        9.1421413120319154E-007
  -1.0200000219047070        3.6742693296483251E-007
  -1.0000000223517418        7.6544620378543979E-007
 -0.98000002279877663        1.5470189510796495E-006
 -0.96000002324581146        8.1280605517816832E-007
 -0.94000002369284630        6.6922421002297887E-007
 -0.92000002413988113        3.2456016877836697E-007
 -0.90000002458691597        1.6470280254066567E-006
 -0.88000002503395081        4.5820132673367662E-006
 -0.86000002548098564        9.5818906631580235E-006
 -0.84000002592802048        7.9130400812976257E-006
 -0.82000002637505531        1.1876151823144081E-005
 -0.80000002682209015        2.9090876934949964E-005
 -0.78000002726912498        8.1444185182849850E-005
 -0.76000002771615982        1.7188107455002905E-004
 -0.74000002816319466        3.0126142590872521E-004
 -0.72000002861022949        5.0546961526211852E-004
 -0.70000002905726433        8.6849183611220648E-004
 -0.68000002950429916        1.6226698264162362E-003
 -0.66000002995133400        2.9253697561144867E-003
 -0.64000003039836884        5.1879412064971837E-003
 -0.62000003084540367        8.5547272451776575E-003
 -0.60000003129243851        1.3926477827027843E-002
 -0.58000003173947334        2.1874452783602900E-002
 -0.56000003218650818        3.4276647942551884E-002
 -0.54000003263354301        5.2311555234157758E-002
 -0.52000003308057785        7.8896814137166135E-002
 -0.50000003352761269       0.11667623509779924     
 -0.48000003397464752       0.16999599569241319     
 -0.46000003442168236       0.24195932715418933     
 -0.44000003486871719       0.33206895213713883     
 -0.42000003531575203       0.43847838374010173     
 -0.40000003576278687       0.55989867110311486     
 -0.38000003620982170       0.71360709247851362     
 -0.36000003665685654       0.92310235981661670     
 -0.34000003710389137        1.2070607219145106     
 -0.32000003755092621        1.5225671601947273     
 -0.30000003799796104        1.7778968174925971     
 -0.28000003844499588        1.8891670482443110     
 -0.26000003889203072        1.9121563190092643     
 -0.24000003933906555        2.0673898034560287     
 -0.22000003978610039        2.5611719957528893     
 -0.20000004023313522        3.3107751457790582     
 -0.18000004068017006        3.8164058486132801     
 -0.16000004112720490        3.5551000943723952     
 -0.14000004157423973        2.5309877694064169     
 -0.12000004202127457        1.5653376156355194     
 -0.10000004246830940        1.6719667078246037     
  -8.0000042915344238E-002   3.0449741775713246     
  -6.0000043362379074E-002   4.6382905289387431     
  -4.0000043809413910E-002   4.8768173655126050     
  -2.0000044256448746E-002   3.3200209060477843     
  -4.4703483581542969E-008   1.0052974133391552     
   1.9999954849481583E-002   9.1535561917261525E-003
   3.9999954402446747E-002   2.2168580015297830E-005
   5.9999953955411911E-002   7.4624418361580492E-006
   7.9999953508377075E-002   2.2335254483117143E-006
   9.9999953061342239E-002   8.9375541402191610E-007
  0.11999995261430740        6.3133454530161906E-007
  0.13999995216727257        7.1410824207248729E-007
  0.15999995172023773        4.2776815266255710E-007
  0.17999995127320290        1.0275459827080355E-006
  0.19999995082616806        4.3848751475141959E-007
  0.21999995037913322        1.3883243073880744E-006
  0.23999994993209839        5.4468192692274724E-007
  0.25999994948506355        1.6698852155030589E-006
  0.27999994903802872        7.6957287091379763E-007
  0.29999994859099388        1.8080333563186718E-006
  0.31999994814395905        1.1549111965509646E-006
  0.33999994769692421        1.7681957384066597E-006
  0.35999994724988937        1.6898858617617401E-006
  0.37999994680285454        1.5969568490215788E-006
  0.39999994635581970        2.2629577029047636E-006
  0.41999994590878487        1.5020472336711825E-006
  0.43999994546175003        2.6394943677012796E-006
  0.45999994501471519        1.7411265050975747E-006
  0.47999994456768036        2.5492364300929884E-006
  0.49999994412064552        2.3279600910494411E-006
  0.51999994367361069        2.0996498517571253E-006
  0.53999994322657585        2.9120969223632565E-006
  0.55999994277954102        1.9235457525099598E-006
  0.57999994233250618        2.8773443110344805E-006
  0.59999994188547134        2.3520380902811209E-006
  0.61999994143843651        2.1877922600360814E-006
  0.63999994099140167        2.8967878778611393E-006
  0.65999994054436684        1.8765746228769112E-006
  0.67999994009733200        2.5847358869442960E-006
  0.69999993965029716        2.3535558674523921E-006
  0.71999993920326233        1.7599695007420858E-006
  0.73999993875622749        2.6093580111405645E-006
  0.75999993830919266        1.7969887984543048E-006
  0.77999993786215782        1.7895898306545271E-006
  0.79999993741512299        2.3220463513010199E-006
  0.81999993696808815        1.4198527530662579E-006
  0.83999993652105331        1.7540356329691776E-006
  0.85999993607401848        1.9698350108130037E-006
  0.87999993562698364        1.1802709716294577E-006
  0.89999993517994881        1.6071194969860501E-006
  0.91999993473291397        1.6987750934600313E-006
  0.93999993428587914        9.9829022855425173E-007
  0.95999993383884430        1.3958732620328482E-006
  0.97999993339180946        1.5226565117385237E-006
  0.99999993294477463        8.5848672181698289E-007
   1.0199999324977398        1.1448110406996459E-006
   1.0399999320507050        1.3990598358095631E-006
   1.0599999316036701        7.9489345416526235E-007
   1.0799999311566353        8.5895903107567487E-007
   1.0999999307096004        1.2687015948098163E-006
   1.1199999302625656        8.3684741404838074E-007
   1.1399999298155308        6.0300535079234545E-007
   1.1599999293684959        1.0381371980377534E-006
   1.1799999289214611        9.5250444832956816E-007
   1.1999999284744263        5.0105014984732217E-007
   1.2199999280273914        6.7837244662803526E-007
   1.2399999275803566        9.7367151561540946E-007
   1.2599999271333218        6.3758359206368113E-007
   1.2799999266862869        3.9474957741345871E-007
   1.2999999262392521        7.0118961110221661E-007
   1.3199999257922173        8.2346016724480180E-007
   1.3399999253451824        4.5950543518363031E-007
   1.3599999248981476        3.3987356360470460E-007
   1.3799999244511127        6.2773339711815894E-007
   1.3999999240040779        7.1478277388706626E-007
   1.4199999235570431        3.9003351190546592E-007
   1.4399999231100082        2.6566790147783191E-007
   1.4599999226629734        4.9613813784352291E-007
   1.4799999222159386        6.3982424941721294E-007
   1.4999999217689037        4.1218470611267370E-007
   1.5199999213218689        2.0074201371433886E-007
   1.5399999208748341        3.1767297466619734E-007
   1.5599999204277992        5.2818664776463976E-007
   1.5799999199807644        4.8834071340463847E-007
   1.5999999195337296        2.4344819997131518E-007
   1.6199999190866947        1.5626533035831205E-007
   1.6399999186396599        3.0739860203997913E-007
   1.6599999181926250        4.6271045629695726E-007
   1.6799999177455902        4.0412504309174502E-007
   1.6999999172985554        1.9670164438140011E-007
   1.7199999168515205        1.1295597947644902E-007
   1.7399999164044857        2.0995196528282769E-007
   1.7599999159574509        3.6444008588991747E-007
   1.7799999155104160        3.8579753960700831E-007
   1.7999999150633812        2.4193513813227949E-007
   1.8199999146163464        1.0596006988448932E-007
   1.8399999141693115        8.4787434143451875E-008
   1.8599999137222767        1.9135662309335793E-007
   1.8799999132752419        3.0052727672068731E-007
   1.8999999128282070        3.1852505052917248E-007
   1.9199999123811722        2.2877722464610059E-007
   1.9399999119341373        1.0161062839572990E-007
   1.9599999114871025        4.9404936125477433E-008
   1.9799999110400677        7.7766834583003081E-008
   1.9999999105930328        1.7124508872074727E-007
   2.0199999101459980        2.4206990648032806E-007
   2.0399999096989632        2.5544060162097370E-007
   2.0599999092519283        2.0531228651765411E-007
   2.0799999088048935        1.1005844252276279E-007
   2.0999999083578587        4.7244922448135002E-008
   2.1199999079108238        2.1226520810162590E-008
   2.1399999074637890        5.0995360661336448E-008
   2.1599999070167542        9.9630186090944047E-008
   2.1799999065697193        1.5743224538602779E-007
   2.1999999061226845        1.9418597324522244E-007
   2.2199999056756496        1.8186635355179533E-007
   2.2399999052286148        1.6281498609304003E-007
   2.2599999047815800        1.0631605682487045E-007
   2.2799999043345451        5.9349059502337257E-008
   2.2999999038875103        2.6552662716116694E-008
   2.3199999034404755        5.5188767488999226E-009
   2.3399999029934406        7.8631876327318223E-009
   2.3599999025464058        1.9293064889513258E-008
   2.3799999020993710        4.7783293959425692E-008
   2.3999999016523361        6.0257564334397903E-008
   2.4199999012053013        9.4457713869393058E-008
   2.4399999007582664        1.0140874984102691E-007
   2.4599999003112316        1.0660825174689606E-007
   2.4799998998641968        1.2249054350129180E-007
   2.4999998994171619        9.4799943823309560E-008
   2.5199998989701271        1.0720578705739332E-007
   2.5399998985230923        8.4668965115273846E-008
   2.5599998980760574        6.8557968450748001E-008
   2.5799998976290226        7.4578638948643979E-008
   2.5999998971819878        3.9773183854461357E-008
   2.6199998967349529        5.1910005024244642E-008
   2.6399998962879181        3.5120182020360936E-008
   2.6599998958408833        2.3980723062804650E-008
   2.6799998953938484        3.8364728558590276E-008
   2.6999998949468136        1.1708174165950419E-008
   2.7199998944997787        2.9724617851310302E-008
   2.7399998940527439        2.1561476096451794E-008
   2.7599998936057091        1.2260217061629298E-008
   2.7799998931586742        3.6229380861634288E-008
   2.7999998927116394        5.6585372317351549E-009
   2.8199998922646046        3.4804792568793496E-008
   2.8399998918175697        2.0119101359120541E-008
   2.8599998913705349        1.7403402003514395E-008
   2.8799998909235001        4.2464321306462643E-008
   2.8999998904764652        4.1430977742272442E-009
   2.9199998900294304        4.9398483338181486E-008
   2.9399998895823956        1.1657704866309714E-008
   2.9599998891353607        3.3564007380741754E-008
   2.9799998886883259        3.4270878830440681E-008
   2.9999998882412910        1.1764982719979412E-008
   3.0199998877942562        4.8789483761438117E-008
   3.0399998873472214        6.3549796351273900E-009
   3.0599998869001865        3.8598680753361901E-008
   3.0799998864531517        2.0317684034371891E-008
   3.0999998860061169        1.5463932537794789E-009
   3.1199998855590820        7.0050906447200692E-008
