  -2.0000000000000000        8.9254373609716132E-007
  -1.9800000004470348        3.1759115720483881E-007
  -1.9600000008940697        1.2201505752478831E-006
  -1.9400000013411045        2.3540136906133105E-007
  -1.9200000017881393        2.4324835172767294E-007
  -1.9000000022351742        1.3315010050200603E-006
  -1.8800000026822090        4.9677034879678141E-007
  -1.8600000031292439        3.6243845219939659E-007
  -1.8400000035762787        2.7218840717898658E-007
  -1.8200000040233135        4.0655588963313105E-007
  -1.8000000044703484        8.6367644610011624E-008
  -1.7800000049173832        7.5483760199055631E-007
  -1.7600000053644180        1.7929413115206109E-006
  -1.7400000058114529        8.4671312801933390E-007
  -1.7200000062584877        3.3633354845195615E-008
  -1.7000000067055225        3.4334854842347385E-007
  -1.6800000071525574        6.2977442810511465E-007
  -1.6600000075995922        4.4264808992618591E-007
  -1.6400000080466270        4.2013534664246629E-007
  -1.6200000084936619        4.3096013853719498E-007
  -1.6000000089406967        2.6378079677897238E-008
  -1.5800000093877316        4.3573496575241689E-007
  -1.5600000098347664        1.4477104304781614E-006
  -1.5400000102818012        1.0791026379833037E-006
  -1.5200000107288361        6.5025810264858840E-008
  -1.5000000111758709        6.2529057810662704E-007
  -1.4800000116229057        1.6883805828051960E-006
  -1.4600000120699406        1.0357436767135826E-006
  -1.4400000125169754        1.7681789761960043E-008
  -1.4200000129640102        5.9659124542164648E-007
  -1.4000000134110451        1.3178698444684977E-006
  -1.3800000138580799        6.8623784774959690E-007
  -1.3600000143051147        6.6291964798373059E-008
  -1.3400000147521496        5.4203188302891886E-007
  -1.3200000151991844        9.9384673257661876E-007
  -1.3000000156462193        5.8204676504657677E-007
  -1.2800000160932541        1.7090682525387310E-007
  -1.2600000165402889        5.7548589449407200E-007
  -1.2400000169873238        1.0125577116418397E-006
  -1.2200000174343586        5.4854706584606338E-007
  -1.2000000178813934        2.0963710829910293E-007
  -1.1800000183284283        9.2100329112897879E-007
  -1.1600000187754631        1.0837899559078419E-006
  -1.1400000192224979        2.6297679514262098E-007
  -1.1200000196695328        6.0218589504525761E-007
  -1.1000000201165676        1.4229995480893529E-006
  -1.0800000205636024        5.7984216290645463E-007
  -1.0600000210106373        3.5983047336897362E-007
  -1.0400000214576721        1.4175247361167088E-006
  -1.0200000219047070        9.9264536195237943E-007
  -1.0000000223517418        3.8470924903409131E-007
 -0.98000002279877663        1.8633886521376604E-006
 -0.96000002324581146        7.8810534191409193E-007
 -0.94000002369284630        2.9031279046777854E-008
 -0.92000002413988113        1.3311202742650183E-006
 -0.90000002458691597        3.8234176518402333E-006
 -0.88000002503395081        3.5036688705535974E-006
 -0.86000002548098564        6.4572751998379878E-006
 -0.84000002592802048        2.6522668323454712E-006
 -0.82000002637505531        9.8966864098017969E-006
 -0.80000002682209015        3.2042006427902843E-005
 -0.78000002726912498        7.6492529739185012E-005
 -0.76000002771615982        1.4117493639857241E-004
 -0.74000002816319466        2.2619382807527867E-004
 -0.72000002861022949        3.9200596657646845E-004
 -0.70000002905726433        6.9195588775977342E-004
 -0.68000002950429916        1.3588801779277147E-003
 -0.66000002995133400        2.4003152537521487E-003
 -0.64000003039836884        4.2637670372423081E-003
 -0.62000003084540367        6.9051380354295542E-003
 -0.60000003129243851        1.1355535116137509E-002
 -0.58000003173947334        1.7804790157537848E-002
 -0.56000003218650818        2.8081480624223696E-002
 -0.54000003263354301        4.2763003841398528E-002
 -0.52000003308057785        6.4832085657301280E-002
 -0.50000003352761269        9.6839810637485632E-002
 -0.48000003397464752       0.14301248121473878     
 -0.46000003442168236       0.20567568994639940     
 -0.44000003486871719       0.28199124480680948     
 -0.42000003531575203       0.36990123423172910     
 -0.40000003576278687       0.46948700072043870     
 -0.38000003620982170       0.60607400307719250     
 -0.36000003665685654       0.80714981362625826     
 -0.34000003710389137        1.0893950272807997     
 -0.32000003755092621        1.3925586845912208     
 -0.30000003799796104        1.6114068847638179     
 -0.28000003844499588        1.6698030025160071     
 -0.26000003889203072        1.6637411019545427     
 -0.24000003933906555        1.8609203190849712     
 -0.22000003978610039        2.4671242430846316     
 -0.20000004023313522        3.3372726795536374     
 -0.18000004068017006        3.8744884284355869     
 -0.16000004112720490        3.5293712713644152     
 -0.14000004157423973        2.3832732301393023     
 -0.12000004202127457        1.4057138206200739     
 -0.10000004246830940        1.6932545521535287     
  -8.0000042915344238E-002   3.3683652719637114     
  -6.0000043362379074E-002   5.2047997404312074     
  -4.0000043809413910E-002   5.4584679622599053     
  -2.0000044256448746E-002   3.7010656881579824     
  -4.4703483581542969E-008   1.1172470206067204     
   1.9999954849481583E-002   1.0134478380784706E-002
   3.9999954402446747E-002   2.4074632505225103E-005
   5.9999953955411911E-002   8.5861802999592469E-006
   7.9999953508377075E-002   1.8210859680924373E-006
   9.9999953061342239E-002   1.2314789229526636E-006
  0.11999995261430740        4.0434473765975286E-007
  0.13999995216727257        6.5253862115526709E-007
  0.15999995172023773        5.5112344075652177E-007
  0.17999995127320290        5.7351430004497055E-007
  0.19999995082616806        9.1980946615154182E-007
  0.21999995037913322        5.9071048482814182E-007
  0.23999994993209839        1.2940029187055509E-006
  0.25999994948506355        6.6195972833967556E-007
  0.27999994903802872        1.5889265484156904E-006
  0.29999994859099388        8.2928297602155161E-007
  0.31999994814395905        1.7572313666349752E-006
  0.33999994769692421        1.1456517292121464E-006
  0.35999994724988937        1.7665048446467873E-006
  0.37999994680285454        1.6075686373367391E-006
  0.39999994635581970        1.6380607498702559E-006
  0.41999994590878487        2.1129015830427905E-006
  0.43999994546175003        1.5383508636480815E-006
  0.45999994501471519        2.4692291918201144E-006
  0.47999994456768036        1.7165523737779194E-006
  0.49999994412064552        2.4489420160284958E-006
  0.51999994367361069        2.2034641616010682E-006
  0.53999994322657585        2.0815093598387507E-006
  0.55999994277954102        2.7048996639473647E-006
  0.57999994233250618        1.8950411549095843E-006
  0.59999994188547134        2.7376930351530473E-006
  0.61999994143843651        2.2249574993922414E-006
  0.63999994099140167        2.1748136333553720E-006
  0.65999994054436684        2.6879574300451001E-006
  0.67999994009733200        1.8493655900389696E-006
  0.69999993965029716        2.5129188454253200E-006
  0.71999993920326233        2.1893337464887217E-006
  0.73999993875622749        1.8015512685943178E-006
  0.75999993830919266        2.4559017816238843E-006
  0.77999993786215782        1.7361236231958084E-006
  0.79999993741512299        1.8330033036347897E-006
  0.81999993696808815        2.1576620288202057E-006
  0.83999993652105331        1.4242442716600553E-006
  0.85999993607401848        1.7912200948985655E-006
  0.87999993562698364        1.8261025527500548E-006
  0.89999993517994881        1.2080660943888751E-006
  0.91999993473291397        1.6627425240799528E-006
  0.93999993428587914        1.5518211516198929E-006
  0.95999993383884430        1.0443138516217765E-006
  0.97999993339180946        1.4676434383037131E-006
  0.99999993294477463        1.3772052182325883E-006
   1.0199999324977398        8.9245515659389492E-007
   1.0399999320507050        1.2508834541908588E-006
   1.0599999316036701        1.2708455366609927E-006
   1.0799999311566353        7.7826798435350246E-007
   1.0999999307096004        1.0042097334887800E-006
   1.1199999302625656        1.1926595021631024E-006
   1.1399999298155308        7.4082244122667242E-007
   1.1599999293684959        7.3872783204297429E-007
   1.1799999289214611        1.0844325032717019E-006
   1.1999999284744263        7.8926853046226801E-007
   1.2199999280273914        5.4481467840016255E-007
   1.2399999275803566        8.4280288540813678E-007
   1.2599999271333218        8.8132417039606302E-007
   1.2799999266862869        5.1535338745502840E-007
   1.2999999262392521        5.3092800690076419E-007
   1.3199999257922173        8.2434771791925031E-007
   1.3399999253451824        6.6084491079240086E-007
   1.3599999248981476        3.8637480994983004E-007
   1.3799999244511127        5.1183633070890166E-007
   1.3999999240040779        7.3134547799203630E-007
   1.4199999235570431        5.3197239961596287E-007
   1.4399999231100082        3.1074240264355993E-007
   1.4599999226629734        4.4175882949018040E-007
   1.4799999222159386        6.3130570544476466E-007
   1.4999999217689037        4.8606447996911612E-007
   1.5199999213218689        2.6114418164260562E-007
   1.5399999208748341        3.2726099416166708E-007
   1.5599999204277992        5.2070462453733027E-007
   1.5799999199807644        4.9156441616308896E-007
   1.5999999195337296        2.6939059066755892E-007
   1.6199999190866947        2.0729136508127829E-007
   1.6399999186396599        3.5707832501887065E-007
   1.6599999181926250        4.7105968586594360E-007
   1.6799999177455902        3.6018718339637123E-007
   1.6999999172985554        1.8204509173664785E-007
   1.7199999168515205        1.7592330927008118E-007
   1.7399999164044857        3.0816050818010664E-007
   1.7599999159574509        4.0584301010458506E-007
   1.7799999155104160        3.1069157011583871E-007
   1.7999999150633812        1.6367423198644235E-007
   1.8199999146163464        1.1682718764552351E-007
   1.8399999141693115        2.0657207333425451E-007
   1.8599999137222767        3.1852118605466791E-007
   1.8799999132752419        3.1578551365342692E-007
   1.8999999128282070        2.1374378768027443E-007
   1.9199999123811722        1.0028491191751440E-007
   1.9399999119341373        9.0446935035127957E-008
   1.9599999114871025        1.5723087938880953E-007
   1.9799999110400677        2.5466154149045130E-007
   1.9999999105930328        2.6896953332479564E-007
   2.0199999101459980        2.0568066848423943E-007
   2.0399999096989632        1.1415220989429068E-007
   2.0599999092519283        5.4472959567599442E-008
   2.0799999088048935        6.7177962559432627E-008
   2.0999999083578587        1.2140807624508182E-007
   2.1199999079108238        1.9504950519454898E-007
   2.1399999074637890        2.0967176873193107E-007
   2.1599999070167542        1.9358621613455959E-007
   2.1799999065697193        1.2537629851497059E-007
   2.1999999061226845        6.5324105584058116E-008
   2.2199999056756496        3.1616611785466089E-008
   2.2399999052286148        3.2410921786247523E-008
   2.2599999047815800        6.3217186497025609E-008
   2.2799999043345451        1.0176010971586969E-007
   2.2999999038875103        1.4780882737712893E-007
   2.3199999034404755        1.4732296484873223E-007
   2.3399999029934406        1.5497646186323521E-007
   2.3599999025464058        1.1420143524560765E-007
   2.3799999020993710        8.2039886434755829E-008
   2.3999999016523361        4.9786763565361916E-008
   2.4199999012053013        1.9042678708594856E-008
   2.4399999007582664        1.1704514214074121E-008
   2.4599999003112316        7.1160482793262058E-009
   2.4799998998641968        1.9996223099997233E-008
   2.4999998994171619        2.6085038348350747E-008
   2.5199998989701271        5.6977539530582594E-008
   2.5399998985230923        5.0721522722178460E-008
   2.5599998980760574        8.4845152956019881E-008
   2.5799998976290226        7.4379080386076922E-008
   2.5999998971819878        8.0876482903048577E-008
   2.6199998967349529        9.1897326204869924E-008
   2.6399998962879181        5.8303621020953384E-008
   2.6599998958408833        8.9942434833966523E-008
   2.6799998953938484        4.4582724805615843E-008
   2.6999998949468136        6.3594829284735389E-008
   2.7199998944997787        4.8366886339489597E-008
   2.7399998940527439        2.9086843291948984E-008
   2.7599998936057091        5.3934380049421084E-008
   2.7799998931586742        1.0707489852270729E-008
   2.7999998927116394        4.3796615160832993E-008
   2.8199998922646046        1.7522936751352261E-008
   2.8399998918175697        2.0462511880524910E-008
   2.8599998913705349        3.4897896359860458E-008
   2.8799998909235001        3.0780965110432604E-009
   2.8999998904764652        4.0114679432290609E-008
   2.9199998900294304        6.2049357016348705E-009
   2.9399998895823956        2.6231591852448871E-008
   2.9599998891353607        2.4020139118509968E-008
   2.9799998886883259        7.4354497586613655E-009
   2.9999998882412910        3.5944612635152755E-008
   3.0199998877942562        2.1819612169298789E-009
   3.0399998873472214        2.9010491619098132E-008
   3.0599998869001865        1.2983232824942658E-008
   3.0799998864531517        1.1311689321395458E-008
   3.0999998860061169        6.8079102895376732E-009
   3.1199998855590820        1.1110156942471576E-007
