  -2.0000000000000000        1.0642970569219720E-007
  -1.9800000004470348        7.5004942710501319E-007
  -1.9600000008940697        2.1759519991874559E-008
  -1.9400000013411045        3.8073889892127806E-007
  -1.9200000017881393        1.0334332654708726E-006
  -1.9000000022351742        1.4878695675892315E-006
  -1.8800000026822090        1.7440636734551631E-008
  -1.8600000031292439        1.4055472345862713E-007
  -1.8400000035762787        8.4955400145521794E-007
  -1.8200000040233135        1.0859516113371256E-007
  -1.8000000044703484        4.8934416598038265E-007
  -1.7800000049173832        8.2402645061652446E-007
  -1.7600000053644180        1.8862968882042732E-007
  -1.7400000058114529        3.2284674665717984E-007
  -1.7200000062584877        1.2425108610362999E-006
  -1.7000000067055225        9.3704174494685155E-007
  -1.6800000071525574        4.3538394484147286E-008
  -1.6600000075995922        2.7915040230109267E-007
  -1.6400000080466270        4.1618645425539168E-007
  -1.6200000084936619        2.4973764401352197E-007
  -1.6000000089406967        7.2751304054057812E-007
  -1.5800000093877316        5.6864643555323791E-007
  -1.5600000098347664        4.2071772525358217E-009
  -1.5400000102818012        8.6269144481907101E-007
  -1.5200000107288361        1.4285969307823174E-006
  -1.5000000111758709        3.3949796171215360E-007
  -1.4800000116229057        1.8831605594467403E-007
  -1.4600000120699406        1.1580757630526527E-006
  -1.4400000125169754        8.1732106309761605E-007
  -1.4200000129640102        1.0191220282586308E-007
  -1.4000000134110451        4.7220372047078594E-007
  -1.3800000138580799        6.6763316211562083E-007
  -1.3600000143051147        4.3411840471547513E-007
  -1.3400000147521496        4.5254526670322914E-007
  -1.3200000151991844        3.5709968593476095E-007
  -1.3000000156462193        5.0136545415049321E-007
  -1.2800000160932541        8.5210319143528938E-007
  -1.2600000165402889        4.1044936876889761E-007
  -1.2400000169873238        3.1694711682721239E-007
  -1.2200000174343586        1.1142906397685499E-006
  -1.2000000178813934        7.5611980984530121E-007
  -1.1800000183284283        1.7010784272656785E-007
  -1.1600000187754631        1.1110094987311904E-006
  -1.1400000192224979        1.1271525199671901E-006
  -1.1200000196695328        1.7540786781136603E-007
  -1.1000000201165676        1.0168823968683107E-006
  -1.0800000205636024        1.3453035886164087E-006
  -1.0600000210106373        2.4789612070728627E-007
  -1.0400000214576721        9.2169938120157963E-007
  -1.0200000219047070        1.6857685992797556E-006
  -1.0000000223517418        3.8625632430460890E-007
 -0.98000002279877663        9.3463198416051041E-007
 -0.96000002324581146        1.1288319800687478E-006
 -0.94000002369284630        5.1229556327572505E-007
 -0.92000002413988113        1.8114525102006619E-006
 -0.90000002458691597        4.1370505259839725E-006
 -0.88000002503395081        1.8406615393132198E-006
 -0.86000002548098564        2.2999771299663366E-006
 -0.84000002592802048        2.3367732111764100E-006
 -0.82000002637505531        1.1596586900874195E-005
 -0.80000002682209015        3.4283324024065747E-005
 -0.78000002726912498        6.5902827842876437E-005
 -0.76000002771615982        1.0867661051348689E-004
 -0.74000002816319466        1.6838716592009856E-004
 -0.72000002861022949        3.1148306343008804E-004
 -0.70000002905726433        5.7623642701016078E-004
 -0.68000002950429916        1.1398974592405581E-003
 -0.66000002995133400        1.9893539575043429E-003
 -0.64000003039836884        3.4824647871074671E-003
 -0.62000003084540367        5.6401897341515272E-003
 -0.60000003129243851        9.2965243211225925E-003
 -0.58000003173947334        1.4625993307458002E-002
 -0.56000003218650818        2.2979474268547375E-002
 -0.54000003263354301        3.4937559470642615E-002
 -0.52000003308057785        5.3282856293097612E-002
 -0.50000003352761269        8.0855347169635619E-002
 -0.48000003397464752       0.12146099274206490     
 -0.46000003442168236       0.17580857305125683     
 -0.44000003486871719       0.23932976351485571     
 -0.42000003531575203       0.30889283379697435     
 -0.40000003576278687       0.38959750299219609     
 -0.38000003620982170       0.51280501878539209     
 -0.36000003665685654       0.71129250313089420     
 -0.34000003710389137       0.99191431236784899     
 -0.32000003755092621        1.2768586689661250     
 -0.30000003799796104        1.4478672689422187     
 -0.28000003844499588        1.4467363982611996     
 -0.26000003889203072        1.4178271341401443     
 -0.24000003933906555        1.6701084547796314     
 -0.22000003978610039        2.3976425000760009     
 -0.20000004023313522        3.3728907349095110     
 -0.18000004068017006        3.9123883738556589     
 -0.16000004112720490        3.4555788362080646     
 -0.14000004157423973        2.1893444610629058     
 -0.12000004202127457        1.2264148801076349     
 -0.10000004246830940        1.7228873537318925     
  -8.0000042915344238E-002   3.7068159840798685     
  -6.0000043362379074E-002   5.7666812270125867     
  -4.0000043809413910E-002   6.0184266445238546     
  -2.0000044256448746E-002   4.0585081159995697     
  -4.4703483581542969E-008   1.2212022080061538     
   1.9999954849481583E-002   1.1084961723408927E-002
   3.9999954402446747E-002   2.7095441236273139E-005
   5.9999953955411911E-002   8.6027263084672487E-006
   7.9999953508377075E-002   2.9528580896833473E-006
   9.9999953061342239E-002   6.2263625955146335E-007
  0.11999995261430740        1.0331226867926657E-006
  0.13999995216727257        2.4600378456304987E-007
  0.15999995172023773        7.7171117976283169E-007
  0.17999995127320290        5.1435128780565402E-007
  0.19999995082616806        7.1035642419327006E-007
  0.21999995037913322        9.3468235732577224E-007
  0.23999994993209839        6.7398233839027923E-007
  0.25999994948506355        1.3530052933714572E-006
  0.27999994903802872        6.7125974120791112E-007
  0.29999994859099388        1.6769280749733054E-006
  0.31999994814395905        7.7877679607772953E-007
  0.33999994769692421        1.8423833903546400E-006
  0.35999994724988937        1.0804171403412749E-006
  0.37999994680285454        1.8087154487472297E-006
  0.39999994635581970        1.5837028817574831E-006
  0.41999994590878487        1.6013370269383711E-006
  0.43999994546175003        2.1480022623626258E-006
  0.45999994501471519        1.4135607391048153E-006
  0.47999994456768036        2.5166921207805427E-006
  0.49999994412064552        1.5676419673751288E-006
  0.51999994367361069        2.4431539260469236E-006
  0.53999994322657585        2.1324505782124342E-006
  0.55999994277954102        1.9735069147267692E-006
  0.57999994233250618        2.7054376767921421E-006
  0.59999994188547134        1.7199794895940984E-006
  0.61999994143843651        2.7222290208333925E-006
  0.63999994099140167        2.1310863698032005E-006
  0.65999994054436684        2.0681852819796913E-006
  0.67999994009733200        2.6850156725036795E-006
  0.69999993965029716        1.6944811164467408E-006
  0.71999993920326233        2.4966834110034062E-006
  0.73999993875622749        2.1554605188385089E-006
  0.75999993830919266        1.6759271760207619E-006
  0.77999993786215782        2.5011023937263301E-006
  0.79999993741512299        1.6337481468476965E-006
  0.81999993696808815        1.8131396080459466E-006
  0.83999993652105331        2.1843488861900192E-006
  0.85999993607401848        1.3174540337979418E-006
  0.87999993562698364        1.8339104907211038E-006
  0.89999993517994881        1.8335498348760494E-006
  0.91999993473291397        1.1188416798382523E-006
  0.93999993428587914        1.7440881223302487E-006
  0.95999993383884430        1.5440971205431145E-006
  0.97999993339180946        9.7365064382713349E-007
  0.99999993294477463        1.5739648849280533E-006
   1.0199999324977398        1.3557780070477921E-006
   1.0399999320507050        8.3475776920856815E-007
   1.0599999316036701        1.3675883450234512E-006
   1.0799999311566353        1.2589246713564875E-006
   1.0999999307096004        7.1109614843399476E-007
   1.1199999302625656        1.1274528425214608E-006
   1.1399999298155308        1.2093072620372714E-006
   1.1599999293684959        6.5549878959433556E-007
   1.1799999289214611        8.3479049902961914E-007
   1.1999999284744263        1.1678263507431280E-006
   1.2199999280273914        6.9302407008501706E-007
   1.2399999275803566        5.6628603126467728E-007
   1.2599999271333218        9.9812322754133611E-007
   1.2799999266862869        8.3425940791558896E-007
   1.2999999262392521        4.3245210345052342E-007
   1.3199999257922173        6.7480050185995602E-007
   1.3399999253451824        9.1307702418494729E-007
   1.3599999248981476        5.4646854668827485E-007
   1.3799999244511127        3.6860844871012341E-007
   1.3999999240040779        7.0283338710480599E-007
   1.4199999235570431        7.6166624540941994E-007
   1.4399999231100082        3.9198048085643384E-007
   1.4599999226629734        3.3415818382784638E-007
   1.4799999222159386        6.4324279465912563E-007
   1.4999999217689037        6.5802621713853394E-007
   1.5199999213218689        3.2809292592133403E-007
   1.5399999208748341        2.6760120883500310E-007
   1.5599999204277992        5.3206191456197848E-007
   1.5799999199807644        6.0787786451383242E-007
   1.5999999195337296        3.3618356274960498E-007
   1.6199999190866947        1.9083467683314369E-007
   1.6399999186396599        3.6863620166320259E-007
   1.6599999181926250        5.5202075716188037E-007
   1.6799999177455902        4.1406774793143981E-007
   1.6999999172985554        1.8270479636474723E-007
   1.7199999168515205        1.8496350801117806E-007
   1.7399999164044857        3.8839997858882542E-007
   1.7599999159574509        4.7672757641516780E-007
   1.7799999155104160        3.0770033622199027E-007
   1.7999999150633812        1.3520802316618263E-007
   1.8199999146163464        1.4543747497020205E-007
   1.8399999141693115        3.2389970894977670E-007
   1.8599999137222767        4.0538124360967425E-007
   1.8799999132752419        3.1024795530129926E-007
   1.8999999128282070        1.3547744141697251E-007
   1.9199999123811722        8.4967233788679055E-008
   1.9399999119341373        1.7878319582960150E-007
   1.9599999114871025        3.2164800110397703E-007
   1.9799999110400677        3.3602414156947301E-007
   1.9999999105930328        2.2494112026692643E-007
   2.0199999101459980        9.8521746918288024E-008
   2.0399999096989632        5.4385525000139825E-008
   2.0599999092519283        1.2390718853085394E-007
   2.0799999088048935        2.3216620696975976E-007
   2.0999999083578587        2.9428693221992677E-007
   2.1199999079108238        2.3672049256226196E-007
   2.1399999074637890        1.4730221690244147E-007
   2.1599999070167542        5.1582174733966490E-008
   2.1799999065697193        3.6210067680722061E-008
   2.1999999061226845        7.5667487320337556E-008
   2.2199999056756496        1.6795787019896979E-007
   2.2399999052286148        2.1241548397444729E-007
   2.2599999047815800        2.2970317650387137E-007
   2.2799999043345451        1.7586074337433148E-007
   2.2999999038875103        1.0271655654920908E-007
   2.3199999034404755        4.6459351267027006E-008
   2.3399999029934406        1.3685128508409597E-008
   2.3599999025464058        2.3836238700770516E-008
   2.3799999020993710        6.3178945808711534E-008
   2.3999999016523361        1.1565007695395589E-007
   2.4199999012053013        1.4283177582312970E-007
   2.4399999007582664        1.8285690274177999E-007
   2.4599999003112316        1.4534026756154252E-007
   2.4799998998641968        1.4560648195331540E-007
   2.4999998994171619        8.6783926446696564E-008
   2.5199998989701271        5.9460257952835148E-008
   2.5399998985230923        2.8353879288987046E-008
   2.5599998980760574        6.6988069380662742E-009
   2.5799998976290226        1.9900667925130437E-009
   2.5999998971819878        1.0755597868055785E-008
   2.6199998967349529        1.2785803697654034E-008
   2.6399998962879181        3.9424622716160046E-008
   2.6599998958408833        5.2756134996925561E-008
   2.6799998953938484        5.5311864220354141E-008
   2.6999998949468136        9.9208795300893733E-008
   2.7199998944997787        5.5201271636404212E-008
   2.7399998940527439        1.2091647122683475E-007
   2.7599998936057091        6.0221014387488051E-008
   2.7799998931586742        1.0241916105562346E-007
   2.7999998927116394        8.0664949466456625E-008
   2.8199998922646046        5.9932163397404518E-008
   2.8399998918175697        1.0026704613746283E-007
   2.8599998913705349        2.7697165754276380E-008
   2.8799998909235001        9.5099432417833163E-008
   2.8999998904764652        2.7738637013909731E-008
   2.9199998900294304        6.2309209042925376E-008
   2.9399998895823956        5.0658336356634716E-008
   2.9599998891353607        2.5250627880295947E-008
   2.9799998886883259        6.6436127350818598E-008
   2.9999998882412910        1.1504643549114878E-008
   3.0199998877942562        5.5778219990712974E-008
   3.0399998873472214        2.6562422287202494E-008
   3.0599998869001865        2.8437590944064844E-008
   3.0799998864531517        4.8383967534416470E-008
   3.0999998860061169        7.4872006325375735E-009
   3.1199998855590820        1.1244378466560985E-007
