  -2.0000000000000000        1.6108119566798874E-006
  -1.9800000004470348        1.1857063917642913E-006
  -1.9600000008940697        9.2124760933816496E-007
  -1.9400000013411045        9.4475155123948658E-008
  -1.9200000017881393        5.8933722447954426E-007
  -1.9000000022351742        7.4191791552888067E-008
  -1.8800000026822090        2.5497614475186759E-007
  -1.8600000031292439        1.9206203257573735E-006
  -1.8400000035762787        5.3158923402170462E-007
  -1.8200000040233135        1.0754832896595438E-008
  -1.8000000044703484        8.1086857022893073E-007
  -1.7800000049173832        3.8652051358237920E-007
  -1.7600000053644180        4.5899350974788804E-007
  -1.7400000058114529        6.1575186038036890E-007
  -1.7200000062584877        1.9713835090695825E-007
  -1.7000000067055225        4.9187567682731526E-007
  -1.6800000071525574        1.4702278105670627E-006
  -1.6600000075995922        9.0278269256036202E-007
  -1.6400000080466270        5.6609332821093792E-009
  -1.6200000084936619        4.8985503657856184E-007
  -1.6000000089406967        4.6201495460932169E-007
  -1.5800000093877316        4.4046792416888097E-007
  -1.5600000098347664        7.0273590131474448E-007
  -1.5400000102818012        6.5378050252908819E-008
  -1.5200000107288361        6.0383229662670072E-007
  -1.5000000111758709        1.6438076634119648E-006
  -1.4800000116229057        5.5023058607605194E-007
  -1.4600000120699406        1.6091671726438798E-007
  -1.4400000125169754        1.3382909221476214E-006
  -1.4200000129640102        8.7420157832718579E-007
  -1.4000000134110451        9.0716904449941930E-008
  -1.3800000138580799        5.6594309502568839E-007
  -1.3600000143051147        6.2355419108497541E-007
  -1.3400000147521496        5.3672649405304772E-007
  -1.3200000151991844        4.7537167242683767E-007
  -1.3000000156462193        2.4733079574690434E-007
  -1.2800000160932541        9.5670387433861556E-007
  -1.2600000165402889        9.5911249714351170E-007
  -1.2400000169873238        8.3224984092468880E-008
  -1.2200000174343586        1.0701458382048329E-006
  -1.2000000178813934        1.4568735728273532E-006
  -1.1800000183284283        1.1858717619858247E-007
  -1.1600000187754631        9.7947826967346399E-007
  -1.1400000192224979        1.7283661300071979E-006
  -1.1200000196695328        2.2482151959455559E-007
  -1.1000000201165676        8.6087532666887286E-007
  -1.0800000205636024        1.7673453957705442E-006
  -1.0600000210106373        3.5184380072327299E-007
  -1.0400000214576721        9.0078306197370057E-007
  -1.0200000219047070        1.8444295589460570E-006
  -1.0000000223517418        3.0512548879723156E-007
 -0.98000002279877663        7.0409411301364294E-007
 -0.96000002324581146        1.6548029985013633E-006
 -0.94000002369284630        8.6440532476705459E-007
 -0.92000002413988113        2.3949682582612167E-006
 -0.90000002458691597        2.6543373300260330E-006
 -0.88000002503395081        5.9120738915810417E-007
 -0.86000002548098564        2.2878949861574505E-007
 -0.84000002592802048        5.3845271939030004E-006
 -0.82000002637505531        1.2559904510191911E-005
 -0.80000002682209015        3.5150389365000115E-005
 -0.78000002726912498        4.8654857357227685E-005
 -0.76000002771615982        8.4238783914769959E-005
 -0.74000002816319466        1.2375221895700843E-004
 -0.72000002861022949        2.6448170081958423E-004
 -0.70000002905726433        4.8468293222726154E-004
 -0.68000002950429916        9.6704249105904357E-004
 -0.66000002995133400        1.6377625643978018E-003
 -0.64000003039836884        2.8642146952670851E-003
 -0.62000003084540367        4.6494002625528906E-003
 -0.60000003129243851        7.6878306798845051E-003
 -0.58000003173947334        1.2068891428307773E-002
 -0.56000003218650818        1.8722861870630200E-002
 -0.54000003263354301        2.8481156658194673E-002
 -0.52000003308057785        4.3847833573557718E-002
 -0.50000003352761269        6.8373002828783794E-002
 -0.48000003397464752       0.10433907485377548     
 -0.46000003442168236       0.15139239321672113     
 -0.44000003486871719       0.20192076882307686     
 -0.42000003531575203       0.25450076262077870     
 -0.40000003576278687       0.31903473314067282     
 -0.38000003620982170       0.43479415023549356     
 -0.36000003665685654       0.63537861802946116     
 -0.34000003710389137       0.91379140471126030     
 -0.32000003755092621        1.1727784885985062     
 -0.30000003799796104        1.2852422180849754     
 -0.28000003844499588        1.2233039481498691     
 -0.26000003889203072        1.1818628385630687     
 -0.24000003933906555        1.5069620210023835     
 -0.22000003978610039        2.3585910026114796     
 -0.20000004023313522        3.4196188050376168     
 -0.18000004068017006        3.9262381551361596     
 -0.16000004112720490        3.3354801624746950     
 -0.14000004157423973        1.9575293554617572     
 -0.12000004202127457        1.0397129402007907     
 -0.10000004246830940        1.7700627672947711     
  -8.0000042915344238E-002   4.0561733053769595     
  -6.0000043362379074E-002   6.3126076224860279     
  -4.0000043809413910E-002   6.5398645676236118     
  -2.0000044256448746E-002   4.3827040536062087     
  -4.4703483581542969E-008   1.3137198162172594     
   1.9999954849481583E-002   1.1907602606131275E-002
   3.9999954402446747E-002   2.7912920522884094E-005
   5.9999953955411911E-002   1.0463746540977607E-005
   7.9999953508377075E-002   2.0078780395801362E-006
   9.9999953061342239E-002   1.6179394833691312E-006
  0.11999995261430740        1.6376809844943134E-007
  0.13999995216727257        9.6151252652256167E-007
  0.15999995172023773        1.1723305468127846E-007
  0.17999995127320290        8.9958975408730128E-007
  0.19999995082616806        4.0242359095614246E-007
  0.21999995037913322        8.9989074522847522E-007
  0.23999994993209839        8.1115970089574262E-007
  0.25999994948506355        8.6237109164655237E-007
  0.27999994903802872        1.2426867702291117E-006
  0.29999994859099388        8.0445277679475587E-007
  0.31999994814395905        1.6157489788892527E-006
  0.33999994769692421        8.1047497723901912E-007
  0.35999994724988937        1.8565904030903024E-006
  0.37999994680285454        9.9151979094621919E-007
  0.39999994635581970        1.9010878845727999E-006
  0.41999994590878487        1.4062079062073137E-006
  0.43999994546175003        1.7304827352519560E-006
  0.45999994501471519        1.9589927475965461E-006
  0.47999994456768036        1.4787579917404420E-006
  0.49999994412064552        2.4002321364160262E-006
  0.51999994367361069        1.4770208058007093E-006
  0.53999994322657585        2.4521323472330877E-006
  0.55999994277954102        1.9218175415760785E-006
  0.57999994233250618        2.0439232427439595E-006
  0.59999994188547134        2.5130849203420908E-006
  0.61999994143843651        1.6675174419319948E-006
  0.63999994099140167        2.6843787063390107E-006
  0.65999994054436684        1.9222051572455277E-006
  0.67999994009733200        2.1458428761427513E-006
  0.69999993965029716        2.4954627088834044E-006
  0.71999993920326233        1.6290893209591399E-006
  0.73999993875622749        2.5131784262087875E-006
  0.75999993830919266        1.9409190511656027E-006
  0.77999993786215782        1.7535106909450582E-006
  0.79999993741512299        2.4000402531589501E-006
  0.81999993696808815        1.4990612776623421E-006
  0.83999993652105331        1.9328256997359218E-006
  0.85999993607401848        2.0275703951863228E-006
  0.87999993562698364        1.2715230763587435E-006
  0.89999993517994881        1.9462196368938770E-006
  0.91999993473291397        1.6506404054338654E-006
  0.93999993428587914        1.1521743861850250E-006
  0.95999993383884430        1.8276491947741659E-006
  0.97999993339180946        1.3670004773403365E-006
  0.99999993294477463        1.0439778709426279E-006
   1.0199999324977398        1.6583366111006413E-006
   1.0399999320507050        1.1767832542906038E-006
   1.0599999316036701        9.1243097735449120E-007
   1.0799999311566353        1.4761722020497809E-006
   1.0999999307096004        1.0785486062032177E-006
   1.1199999302625656        7.5860479345807325E-007
   1.1399999298155308        1.2879605991677035E-006
   1.1599999293684959        1.0438309375733326E-006
   1.1799999289214611        6.2788350353804775E-007
   1.1999999284744263        1.0486261069685496E-006
   1.2199999280273914        1.0666951522480509E-006
   1.2399999275803566        5.6402730883681157E-007
   1.2599999271333218        7.6437718892924574E-007
   1.2799999266862869        1.0479463805820481E-006
   1.2999999262392521        6.3529167310284118E-007
   1.3199999257922173        4.8900891709173975E-007
   1.3399999253451824        8.9531504158769270E-007
   1.3599999248981476        7.8437061364819437E-007
   1.3799999244511127        4.0357474197825847E-007
   1.3999999240040779        5.5489866417568067E-007
   1.4199999235570431        8.4404682935956234E-007
   1.4399999231100082        5.5652549554104847E-007
   1.4599999226629734        3.1853821759345721E-007
   1.4799999222159386        5.6710752855749012E-007
   1.4999999217689037        7.3753250008648479E-007
   1.5199999213218689        4.3207013041254737E-007
   1.5399999208748341        2.6705265780537460E-007
   1.5599999204277992        5.0592048979776230E-007
   1.5799999199807644        6.5358078548236477E-007
   1.5999999195337296        3.9179167226543119E-007
   1.6199999190866947        2.1404441263697181E-007
   1.6399999186396599        3.8758720299466518E-007
   1.6599999181926250        5.8355420874406161E-007
   1.6799999177455902        4.1964583901161936E-007
   1.6999999172985554        1.9265983423648004E-007
   1.7199999168515205        2.3377202167441855E-007
   1.7399999164044857        4.6225121018271665E-007
   1.7599999159574509        4.7426286782131198E-007
   1.7799999155104160        2.6303822625713430E-007
   1.7999999150633812        1.3157219615359855E-007
   1.8199999146163464        2.4796841330685423E-007
   1.8399999141693115        4.2108658448208030E-007
   1.8599999137222767        3.9551652849574810E-007
   1.8799999132752419        2.1220322806494577E-007
   1.8999999128282070        1.0007445754990093E-007
   1.9199999123811722        1.8176283422763742E-007
   1.9399999119341373        3.4019728573014736E-007
   1.9599999114871025        3.7175042527719009E-007
   1.9799999110400677        2.3409059045416940E-007
   1.9999999105930328        1.0173686262373122E-007
   2.0199999101459980        8.4020066768623261E-008
   2.0399999096989632        1.9872440113878121E-007
   2.0599999092519283        3.0465308459248576E-007
   2.0799999088048935        3.0925891511314776E-007
   2.0999999083578587        1.8523045537163857E-007
   2.1199999079108238        8.3223157665243918E-008
   2.1399999074637890        4.8646767448193019E-008
   2.1599999070167542        1.2443088349429379E-007
   2.1799999065697193        2.1479986876856754E-007
   2.1999999061226845        2.7786393893391483E-007
   2.2199999056756496        2.1781289455757178E-007
   2.2399999052286148        1.4159846605848370E-007
   2.2599999047815800        4.9062206178156505E-008
   2.2799999043345451        3.2782994169848371E-008
   2.2999999038875103        6.1010859498602564E-008
   2.3199999034404755        1.4880406400432678E-007
   2.3399999029934406        1.8670909594362145E-007
   2.3599999025464058        2.2475160735385823E-007
   2.3799999020993710        1.6859266373579243E-007
   2.3999999016523361        1.1863567433699504E-007
   2.4199999012053013        5.2052133087749815E-008
   2.4399999007582664        1.9086712485569331E-008
   2.4599999003112316        1.1347714932052981E-008
   2.4799998998641968        5.1478158219617786E-008
   2.4999998994171619        7.4925622322617972E-008
   2.5199998989701271        1.3858882343412478E-007
   2.5399998985230923        1.4709773310990061E-007
   2.5599998980760574        1.5494821562323102E-007
   2.5799998976290226        1.4964353432099430E-007
   2.5999998971819878        9.3209675816125414E-008
   2.6199998967349529        9.3303941088442228E-008
   2.6399998962879181        2.6423589370905643E-008
   2.6599998958408833        3.1718524286553153E-008
   2.6799998953938484        4.5450679889419614E-010
   2.6999998949468136        6.4043612908080125E-009
   2.7199998944997787        6.8341948853406203E-009
   2.7399998940527439        2.8360065250550524E-008
   2.7599998936057091        1.8645949373843905E-008
   2.7799998931586742        7.5878179525204275E-008
   2.7999998927116394        2.7979119592806441E-008
   2.8199998922646046        1.0914770248297044E-007
   2.8399998918175697        4.6230214867103181E-008
   2.8599998913705349        1.0273945330179006E-007
   2.8799998909235001        7.7918562637634621E-008
   2.8999998904764652        6.6669756393696496E-008
   2.9199998900294304        1.0546785471044091E-007
   2.9399998895823956        3.4106506115442124E-008
   2.9599998891353607        1.0475573100305929E-007
   2.9799998886883259        2.9977224488524469E-008
   2.9999998882412910        7.2502780293142374E-008
   3.0199998877942562        4.8902130125031544E-008
   3.0399998873472214        3.2337436487545984E-008
   3.0599998869001865        6.1074109376951095E-008
   3.0799998864531517        1.2503660541103048E-008
   3.0999998860061169        8.7753096834863469E-009
   3.1199998855590820        1.1046420498831957E-007
