  -2.0000000000000000        3.3017421939090597E-007
  -1.9800000004470348        3.6182302450852751E-007
  -1.9600000008940697        2.6486564705461833E-007
  -1.9400000013411045        1.4402006465503565E-006
  -1.9200000017881393        1.1151610349251815E-006
  -1.9000000022351742        8.4304710598528726E-007
  -1.8800000026822090        2.8585364662519520E-007
  -1.8600000031292439        6.9250684127868247E-008
  -1.8400000035762787        2.1250158590489462E-007
  -1.8200000040233135        1.5752395135328062E-006
  -1.8000000044703484        1.4314894550014878E-006
  -1.7800000049173832        1.0007435867970351E-008
  -1.7600000053644180        4.7407469228162451E-007
  -1.7400000058114529        5.5504133379708955E-007
  -1.7200000062584877        5.6687542578487145E-007
  -1.7000000067055225        8.0286017108109506E-007
  -1.6800000071525574        1.1924684319490087E-007
  -1.6600000075995922        8.5203247561014146E-007
  -1.6400000080466270        1.8039580884084205E-006
  -1.6200000084936619        5.7703153353773132E-007
  -1.6000000089406967        9.5687563496379630E-008
  -1.5800000093877316        5.2101513852490212E-007
  -1.5600000098347664        4.7173935745503257E-007
  -1.5400000102818012        8.9812186597801350E-007
  -1.5200000107288361        3.3801526081484614E-007
  -1.5000000111758709        3.2079213587204728E-007
  -1.4800000116229057        1.9250224214110533E-006
  -1.4600000120699406        1.0678535526821388E-006
  -1.4400000125169754        4.9649574798744083E-008
  -1.4200000129640102        1.2936445134097217E-006
  -1.4000000134110451        1.0074664297944703E-006
  -1.3800000138580799        1.8210060198350973E-007
  -1.3600000143051147        3.8993976808889586E-007
  -1.3400000147521496        5.8514860097867026E-007
  -1.3200000151991844        1.0267186351141267E-006
  -1.3000000156462193        3.7716152769538367E-007
  -1.2800000160932541        3.7576027382442316E-007
  -1.2600000165402889        1.8984338569832772E-006
  -1.2400000169873238        7.8257518347620436E-007
  -1.2200000174343586        2.8963408043084893E-007
  -1.2000000178813934        2.2054783135569736E-006
  -1.1800000183284283        9.8891824782269090E-007
  -1.1600000187754631        2.3231431230789708E-007
  -1.1400000192224979        2.0251853255058279E-006
  -1.1200000196695328        9.4664594598901767E-007
  -1.1000000201165676        2.4182195781963777E-007
  -1.0800000205636024        1.7025921879492702E-006
  -1.0600000210106373        9.4972901142649166E-007
  -1.0400000214576721        3.8335230570630996E-007
  -1.0200000219047070        1.3937451632350257E-006
  -1.0000000223517418        8.1837077164539065E-007
 -0.98000002279877663        3.6890947044945270E-007
 -0.96000002324581146        1.6364823360144095E-006
 -0.94000002369284630        1.7442023284593393E-006
 -0.92000002413988113        1.1985874245749458E-006
 -0.90000002458691597        1.4785141350854297E-006
 -0.88000002503395081        2.9192397821613417E-008
 -0.86000002548098564        7.1684568464465833E-007
 -0.84000002592802048        7.4587518269804838E-006
 -0.82000002637505531        1.4625920403152836E-005
 -0.80000002682209015        2.8160709917193114E-005
 -0.78000002726912498        3.6528451442084209E-005
 -0.76000002771615982        6.1475507121451091E-005
 -0.74000002816319466        1.0032196878279088E-004
 -0.72000002861022949        2.2908023736200128E-004
 -0.70000002905726433        4.1432425032747141E-004
 -0.68000002950429916        8.1547173275211323E-004
 -0.66000002995133400        1.3465828710663718E-003
 -0.64000003039836884        2.3888832603296663E-003
 -0.62000003084540367        3.8745352609965734E-003
 -0.60000003129243851        6.4445982325413657E-003
 -0.58000003173947334        9.8987954336587393E-003
 -0.56000003218650818        1.5180285576684802E-002
 -0.54000003263354301        2.3038614161980674E-002
 -0.52000003308057785        3.6492694146389532E-002
 -0.50000003352761269        5.8761856435329593E-002
 -0.48000003397464752        9.1188875910597697E-002
 -0.46000003442168236       0.13077156829849010     
 -0.44000003486871719       0.16859853342094630     
 -0.42000003531575203       0.20532080647676557     
 -0.40000003576278687       0.25798770819276723     
 -0.38000003620982170       0.37263429205242449     
 -0.36000003665685654       0.57901905931865127     
 -0.34000003710389137       0.85327832305192108     
 -0.32000003755092621        1.0760320038958631     
 -0.30000003799796104        1.1230146358493043     
 -0.28000003844499588        1.0022921909567450     
 -0.26000003889203072       0.96587530011804201     
 -0.24000003933906555        1.3801802123846389     
 -0.22000003978610039        2.3549370627808925     
 -0.20000004023313522        3.4754763729868241     
 -0.18000004068017006        3.9127939612230542     
 -0.16000004112720490        3.1723699858635741     
 -0.14000004157423973        1.6979065561525297     
 -0.12000004202127457       0.85966875591242720     
 -0.10000004246830940        1.8407734761365953     
  -8.0000042915344238E-002   4.4129392949318609     
  -6.0000043362379074E-002   6.8291536186839616     
  -4.0000043809413910E-002   7.0092886637422485     
  -2.0000044256448746E-002   4.6643176604385728     
  -4.4703483581542969E-008   1.3923349792043516     
   1.9999954849481583E-002   1.2578204291335405E-002
   3.9999954402446747E-002   3.1186617234046673E-005
   5.9999953955411911E-002   9.3775892011147712E-006
   7.9999953508377075E-002   3.3011210051576577E-006
   9.9999953061342239E-002   6.0501271709366077E-007
  0.11999995261430740        1.1281510721394274E-006
  0.13999995216727257        2.4602533259471707E-008
  0.15999995172023773        9.1959463326936015E-007
  0.17999995127320290        1.0318339371463434E-007
  0.19999995082616806        9.5109807689490470E-007
  0.21999995037913322        3.9864162833480825E-007
  0.23999994993209839        9.7023063815713902E-007
  0.25999994948506355        8.0151152228638274E-007
  0.27999994903802872        9.2501953663154847E-007
  0.29999994859099388        1.2279750628334572E-006
  0.31999994814395905        8.5119655438832828E-007
  0.33999994769692421        1.5928030815901864E-006
  0.35999994724988937        8.3959649899977732E-007
  0.37999994680285454        1.8142149116407325E-006
  0.39999994635581970        1.0041290264572863E-006
  0.41999994590878487        1.8349239750270431E-006
  0.43999994546175003        1.4071517140172503E-006
  0.45999994501471519        1.6594742520729864E-006
  0.47999994456768036        1.9424560634763002E-006
  0.49999994412064552        1.4254486841594619E-006
  0.51999994367361069        2.3346756208094627E-006
  0.53999994322657585        1.4410251324513008E-006
  0.55999994277954102        2.3357477086124791E-006
  0.57999994233250618        1.8931634900337211E-006
  0.59999994188547134        1.9417055570745149E-006
  0.61999994143843651        2.4454889221190089E-006
  0.63999994099140167        1.6120278102066795E-006
  0.65999994054436684        2.5445346847984031E-006
  0.67999994009733200        1.9008256182374575E-006
  0.69999993965029716        2.0260987898820994E-006
  0.71999993920326233        2.4414813034427690E-006
  0.73999993875622749        1.5721629535875549E-006
  0.75999993830919266        2.4009266269243768E-006
  0.77999993786215782        1.9176777406460401E-006
  0.79999993741512299        1.6905299562351607E-006
  0.81999993696808815        2.3217106632928239E-006
  0.83999993652105331        1.4824583886078432E-006
  0.85999993607401848        1.8660261793949429E-006
  0.87999993562698364        1.9966212348501147E-006
  0.89999993517994881        1.2504078413256684E-006
  0.91999993473291397        1.8994209593273643E-006
  0.93999993428587914        1.6306492255125132E-006
  0.95999993383884430        1.1476278954626451E-006
  0.97999993339180946        1.7928021610185285E-006
  0.99999993294477463        1.3489105932415580E-006
   1.0199999324977398        1.0573910159192856E-006
   1.0399999320507050        1.6360312258443948E-006
   1.0599999316036701        1.1527467208625115E-006
   1.0799999311566353        9.4079260047441289E-007
   1.0999999307096004        1.4710403894944856E-006
   1.1199999302625656        1.0395619610381639E-006
   1.1399999298155308        7.9806494922799156E-007
   1.1599999293684959        1.3030206842310845E-006
   1.1799999289214611        9.9465164476814444E-007
   1.1999999284744263        6.5045772222246125E-007
   1.2199999280273914        1.1134327281854173E-006
   1.2399999275803566        1.0005416621283568E-006
   1.2599999271333218        5.5692511836543550E-007
   1.2799999266862869        8.6040127548502930E-007
   1.2999999262392521        1.0180912054982909E-006
   1.3199999257922173        5.6597850745218698E-007
   1.3399999253451824        5.8454239782116978E-007
   1.3599999248981476        9.4067447725450471E-007
   1.3799999244511127        6.9504735056749369E-007
   1.3999999240040779        3.9553045707281875E-007
   1.4199999235570431        7.0008735372593016E-007
   1.4399999231100082        8.0968085375539548E-007
   1.4599999226629734        4.5598368493598047E-007
   1.4799999222159386        3.7826481706146791E-007
   1.4999999217689037        7.1113656435620841E-007
   1.5199999213218689        6.5452575381499707E-007
   1.5399999208748341        3.3306885323432693E-007
   1.5599999204277992        3.6162669835820015E-007
   1.5799999199807644        6.5353516480202378E-007
   1.5999999195337296        5.5715128204299828E-007
   1.6199999190866947        2.7615386675659936E-007
   1.6399999186396599        3.0022227897921490E-007
   1.6599999181926250        5.6691669419757797E-007
   1.6799999177455902        5.2032081377595156E-007
   1.6999999172985554        2.6775070455082030E-007
   1.7199999168515205        2.0941113619439961E-007
   1.7399999164044857        4.4144460140287473E-007
   1.7599999159574509        5.0799672357707425E-007
   1.7799999155104160        3.2168221579485598E-007
   1.7999999150633812        1.4969307187582781E-007
   1.8199999146163464        2.6295281198890757E-007
   1.8399999141693115        4.3730915341908029E-007
   1.8599999137222767        4.1392686942727960E-007
   1.8799999132752419        2.0718644287133387E-007
   1.8999999128282070        1.2269653166199823E-007
   1.9199999123811722        2.3758044431899587E-007
   1.9399999119341373        3.9751393095519639E-007
   1.9599999114871025        3.4815138868489613E-007
   1.9799999110400677        1.9585767433343236E-007
   1.9999999105930328        8.6150235713041949E-008
   2.0199999101459980        1.6520290366467365E-007
   2.0399999096989632        2.9774287007821756E-007
   2.0599999092519283        3.4844486202457271E-007
   2.0799999088048935        2.2880434078486444E-007
   2.0999999083578587        1.0904811324767669E-007
   2.1199999079108238        6.4535310177241844E-008
   2.1399999074637890        1.5872668768555341E-007
   2.1599999070167542        2.5859728865189928E-007
   2.1799999065697193        2.9825966481669024E-007
   2.1999999061226845        2.0142187106188748E-007
   2.2199999056756496        1.0720687888714329E-007
   2.2399999052286148        3.9415425022348785E-008
   2.2599999047815800        7.9806971898372404E-008
   2.2799999043345451        1.6059977250467747E-007
   2.2999999038875103        2.4389325852635412E-007
   2.3199999034404755        2.2271338902359521E-007
   2.3399999029934406        1.8163374449691640E-007
   2.3599999025464058        7.7650265733903576E-008
   2.3799999020993710        3.7508974484918309E-008
   2.3999999016523361        2.8976326139080360E-008
   2.4199999012053013        8.4231236126949385E-008
   2.4399999007582664        1.3872441938361866E-007
   2.4599999003112316        2.0110385893183483E-007
   2.4799998998641968        1.7290477679195787E-007
   2.4999998994171619        1.7209958467798935E-007
   2.5199998989701271        8.0748486110659368E-008
   2.5399998985230923        5.9454725953070594E-008
   2.5599998980760574        7.8987682795822368E-009
   2.5799998976290226        1.7566147854049593E-008
   2.5999998971819878        3.2015850488716377E-008
   2.6199998967349529        8.2802383791441939E-008
   2.6399998962879181        9.2070380487619588E-008
   2.6599998958408833        1.6346940240322389E-007
   2.6799998953938484        1.0731311511460877E-007
   2.6999998949468136        1.7466600589744740E-007
   2.7199998944997787        7.4975973943145422E-008
   2.7399998940527439        1.1870329143706660E-007
   2.7599998936057091        3.5636642747389019E-008
   2.7799998931586742        4.7775392923297387E-008
   2.7999998927116394        1.2770587799923105E-008
   2.8199998922646046        1.0243233101607769E-008
   2.8399998918175697        3.2924513756550677E-009
   2.8599998913705349        2.0252115465006019E-008
   2.8799998909235001        1.1590236416613646E-009
   2.8999998904764652        5.2621962807538581E-008
   2.9199998900294304        1.1693223747464118E-008
   2.9399998895823956        7.0281115665561577E-008
   2.9599998891353607        4.0352953764865099E-008
   2.9799998886883259        5.9573982533633558E-008
   2.9999998882412910        7.5487861186510229E-008
   3.0199998877942562        3.8039486233501808E-008
   3.0399998873472214        9.2507011464350763E-008
   3.0599998869001865        3.2239731442851642E-008
   3.0799998864531517        7.7392812184592729E-008
   3.0999998860061169        4.0229688757772281E-008
   3.1199998855590820        1.3510840305770219E-007
