  -2.0000000000000000        2.8619446077623268E-010
  -1.9800000004470348        6.9519768903355421E-010
  -1.9600000008940697        2.2931313348221836E-009
  -1.9400000013411045        4.0899580144782998E-009
  -1.9200000017881393        4.4876425560833571E-009
  -1.9000000022351742        5.3569353662734431E-009
  -1.8800000026822090        6.3617593402537597E-009
  -1.8600000031292439        6.3864492851860474E-009
  -1.8400000035762787        6.3133571710515734E-009
  -1.8200000040233135        6.8665790015368182E-009
  -1.8000000044703484        7.5948647879119873E-009
  -1.7800000049173832        7.8865372166018585E-009
  -1.7600000053644180        7.6522998295267572E-009
  -1.7400000058114529        7.1602238318072521E-009
  -1.7200000062584877        6.6859139763793573E-009
  -1.7000000067055225        6.3643248565734531E-009
  -1.6800000071525574        6.2112443506980431E-009
  -1.6600000075995922        6.1882572897851498E-009
  -1.6400000080466270        6.2479475275085437E-009
  -1.6200000084936619        6.3524763213169738E-009
  -1.6000000089406967        6.4767164420425709E-009
  -1.5800000093877316        6.6056906185644231E-009
  -1.5600000098347664        6.7312146911491176E-009
  -1.5400000102818012        6.8490940062317397E-009
  -1.5200000107288361        6.9576932776315903E-009
  -1.5000000111758709        7.0561332416602128E-009
  -1.4800000116229057        7.1451506299255587E-009
  -1.4600000120699406        7.2243413812619805E-009
  -1.4400000125169754        7.2946802206902016E-009
  -1.4200000129640102        7.3592196853552003E-009
  -1.4000000134110451        7.4064522585347227E-009
  -1.3800000138580799        7.4743654462561800E-009
  -1.3600000143051147        7.4688606806780692E-009
  -1.3400000147521496        7.5971788852252515E-009
  -1.3200000151991844        7.4636282846284602E-009
  -1.3000000156462193        7.7239868273809548E-009
  -1.2800000160932541        7.5135093440068203E-009
  -1.2600000165402889        7.5134578646139359E-009
  -1.2400000169873238        8.5701631653043500E-009
  -1.2200000174343586        5.5365857144406922E-009
  -1.2000000178813934        1.4342907351530603E-008
  -1.1800000183284283        6.8992032100812514E-010
  -1.1600000187754631        3.6969686941321643E-008
  -1.1400000192224979        1.7058680208827802E-008
  -1.1200000196695328        1.3664501155628656E-007
  -1.1000000201165676        2.7530593984468014E-007
  -1.0800000205636024        7.5463724045417052E-007
  -1.0600000210106373        2.1821651977811947E-006
  -1.0400000214576721        4.9357786259643929E-006
  -1.0200000219047070        1.3587781465376712E-005
  -1.0000000223517418        3.0246782679383643E-005
 -0.98000002279877663        7.3912228714130012E-005
 -0.96000002324581146        1.6206713137579260E-004
 -0.94000002369284630        3.5843642843023081E-004
 -0.92000002413988113        7.5524265878131253E-004
 -0.90000002458691597        1.5455894160463549E-003
 -0.88000002503395081        3.0779256084343008E-003
 -0.86000002548098564        5.8952069495024463E-003
 -0.84000002592802048        1.1018003185495480E-002
 -0.82000002637505531        1.9826829178279916E-002
 -0.80000002682209015        3.4716522566771608E-002
 -0.78000002726912498        5.8720571604247707E-002
 -0.76000002771615982        9.6353800682334761E-002
 -0.74000002816319466       0.15309672603511543     
 -0.72000002861022949       0.23558136470412880     
 -0.70000002905726433       0.35139753219499226     
 -0.68000002950429916       0.50734708676841278     
 -0.66000002995133400       0.71014329276806165     
 -0.64000003039836884       0.96228768709856949     
 -0.62000003084540367        1.2637399933637536     
 -0.60000003129243851        1.6073077903843385     
 -0.58000003173947334        1.9804571775817650     
 -0.56000003218650818        2.3640951952842562     
 -0.54000003263354301        2.7332765305952424     
 -0.52000003308057785        3.0619300511632428     
 -0.50000003352761269        3.3221050672957473     
 -0.48000003397464752        3.4921582376266826     
 -0.46000003442168236        3.5558724156379462     
 -0.44000003486871719        3.5073078042587968     
 -0.42000003531575203        3.3516969701144670     
 -0.40000003576278687        3.1021076463019539     
 -0.38000003620982170        2.7819050264389427     
 -0.36000003665685654        2.4164399579159594     
 -0.34000003710389137        2.0329982059796556     
 -0.32000003755092621        1.6580046994819013     
 -0.30000003799796104        1.3079050676649717     
 -0.28000003844499588        1.0022587668129499     
 -0.26000003889203072       0.74056313901550552     
 -0.24000003933906555       0.53378491212750512     
 -0.22000003978610039       0.36937847454906686     
 -0.20000004023313522       0.24967250666793370     
 -0.18000004068017006       0.16340629103465784     
 -0.16000004112720490       0.10184735913253251     
 -0.14000004157423973        6.3479664583565812E-002
 -0.12000004202127457        3.8010472838237733E-002
 -0.10000004246830940        2.0843913646961032E-002
  -8.0000042915344238E-002   1.1452978961980727E-002
  -6.0000043362379074E-002   6.8782210876106786E-003
  -4.0000043809413910E-002   4.0980728413541299E-003
  -2.0000044256448746E-002   2.0251013736425805E-003
  -4.4703483581542969E-008   5.1804811292530768E-004
   1.9999954849481583E-002   5.7201872946570500E-006
   3.9999954402446747E-002   3.1326232131100903E-006
   5.9999953955411911E-002   7.6354710918838868E-006
   7.9999953508377075E-002   1.3183515781799934E-005
   9.9999953061342239E-002   1.7844227818174350E-005
  0.11999995261430740        1.9698358403982250E-005
  0.13999995216727257        1.6719547123120410E-005
  0.15999995172023773        1.0517309316076749E-005
  0.17999995127320290        4.4360373969646969E-006
  0.19999995082616806        1.7131699854404701E-006
  0.21999995037913322        1.5873240674215670E-006
  0.23999994993209839        1.3857090133399513E-006
  0.25999994948506355        6.7073967581750455E-007
  0.27999994903802872        3.3728400845548270E-007
  0.29999994859099388        2.1072384109839003E-007
  0.31999994814395905        9.4040288133921507E-008
  0.33999994769692421        4.7382467120230643E-008
  0.35999994724988937        2.5552195782071468E-008
  0.37999994680285454        1.2845237878222282E-008
  0.39999994635581970        7.6111128258907754E-009
  0.41999994590878487        4.4991963899642230E-009
  0.43999994546175003        2.9274965301894567E-009
  0.45999994501471519        2.0206187768923291E-009
  0.47999994456768036        1.4724114369921741E-009
  0.49999994412064552        1.1371278105461538E-009
  0.51999994367361069        9.1315004794556658E-010
  0.53999994322657585        7.6302874733238576E-010
  0.55999994277954102        6.5634632729732838E-010
  0.57999994233250618        5.7912523659793760E-010
  0.59999994188547134        5.2141453701104119E-010
  0.61999994143843651        4.7730099359905526E-010
  0.63999994099140167        4.4288773293665281E-010
  0.65999994054436684        4.1552481905270216E-010
  0.67999994009733200        3.9342441269754452E-010
  0.69999993965029716        3.7530889896286009E-010
  0.71999993920326233        3.6026951367727389E-010
  0.73999993875622749        3.4763823862458560E-010
  0.75999993830919266        3.3691891207387126E-010
  0.77999993786215782        3.2773655150661517E-010
  0.79999993741512299        3.1980381579756942E-010
  0.81999993696808815        3.1289776959038499E-010
  0.83999993652105331        3.0684333670781779E-010
  0.85999993607401848        3.0150156124064070E-010
  0.87999993562698364        2.9676103509340878E-010
  0.89999993517994881        2.9253160954276383E-010
  0.91999993473291397        2.8873970811687616E-010
  0.93999993428587914        2.8532479813230226E-010
  0.95999993383884430        2.8223670581259080E-010
  0.97999993339180946        2.7943355308078769E-010
  0.99999993294477463        2.7688015760733801E-010
   1.0199999324977398        2.7454678132898629E-010
   1.0399999320507050        2.7240814366127089E-010
   1.0599999316036701        2.7044263741829788E-010
   1.0799999311566353        2.6863170137961733E-010
   1.0999999307096004        2.6695931475571663E-010
   1.1199999302625656        2.6541158731706322E-010
   1.1399999298155308        2.6397642499098580E-010
   1.1599999293684959        2.6264325552210726E-010
   1.1799999289214611        2.6140280217354642E-010
   1.1999999284744263        2.6024689603336363E-010
   1.2199999280273914        2.5916831963461246E-010
   1.2399999275803566        2.5816067604719688E-010
   1.2599999271333218        2.5721827877728892E-010
   1.2799999266862869        2.5633605877345513E-010
   1.2999999262392521        2.5550948559871582E-010
   1.3199999257922173        2.5473450033028210E-010
   1.3399999253451824        2.5400745822092847E-010
   1.3599999248981476        2.5332507956436667E-010
   1.3799999244511127        2.5268440742634974E-010
   1.3999999240040779        2.5208277117255970E-010
   1.4199999235570431        2.5151775492502141E-010
   1.4399999231100082        2.5098717017162125E-010
   1.4599999226629734        2.5048903195539417E-010
   1.4799999222159386        2.5002153811376280E-010
   1.4999999217689037        2.4958305112322806E-010
   1.5199999213218689        2.4917208220669515E-010
   1.5399999208748341        2.4878727740147245E-010
   1.5599999204277992        2.4842740533482132E-010
   1.5799999199807644        2.4809134644272475E-010
   1.5999999195337296        2.4777808351614024E-010
   1.6199999190866947        2.4748669336759567E-010
   1.6399999186396599        2.4721633949671507E-010
   1.6599999181926250        2.4696626565639685E-010
   1.6799999177455902        2.4673579018602142E-010
   1.6999999172985554        2.4652430108594299E-010
   1.7199999168515205        2.4633125170397940E-010
   1.7399999164044857        2.4615615699605851E-010
   1.7599999159574509        2.4599859032789088E-010
   1.7799999155104160        2.4585818076428637E-010
   1.7999999150633812        2.4573461081594807E-010
   1.8199999146163464        2.4562761459010728E-010
   1.8399999141693115        2.4553697637801117E-010
   1.8599999137222767        2.4546252961666382E-010
   1.8799999132752419        2.4540415623270157E-010
   1.8999999128282070        2.4536178639642114E-010
   1.9199999123811722        2.4533539863900751E-010
   1.9399999119341373        2.4532502038295496E-010
   1.9599999114871025        2.4533072887626667E-010
   1.9799999110400677        2.4535265257476261E-010
   1.9999999105930328        2.4539097300360463E-010
   2.0199999101459980        2.4544592713060132E-010
   2.0399999096989632        2.4551781032421997E-010
   2.0599999092519283        2.4560697993559099E-010
   2.0799999088048935        2.4571385961337232E-010
   2.0999999083578587        2.4583894445239579E-010
   2.1199999079108238        2.4598280709072846E-010
   2.1399999074637890        2.4614610492264346E-010
   2.1599999070167542        2.4632958861869466E-010
   2.1799999065697193        2.4653411216768592E-010
   2.1999999061226845        2.4676064478165768E-010
   2.2199999056756496        2.4701028497023565E-010
   2.2399999052286148        2.4728427729275018E-010
   2.2599999047815800        2.4758403234702629E-010
   2.2799999043345451        2.4791115069957966E-010
   2.2999999038875103        2.4826745173304851E-010
   2.3199999034404755        2.4865500856822718E-010
   2.3399999029934406        2.4907619061930290E-010
   2.3599999025464058        2.4953371581236154E-010
   2.3799999020993710        2.5003071506543246E-010
   2.3999999016523361        2.5057081256398769E-010
   2.4199999012053013        2.5115822644109467E-010
   2.4399999007582664        2.5179789613892568E-010
   2.4599999003112316        2.5249564479688367E-010
   2.4799998998641968        2.5325838799545825E-010
   2.4999998994171619        2.5409440423372503E-010
   2.5199998989701271        2.5501368772620424E-010
   2.5399998985230923        2.5602841095759969E-010
   2.5599998980760574        2.5715353271775303E-010
   2.5799998976290226        2.5840759568626195E-010
   2.5999998971819878        2.5981376371405223E-010
   2.6199998967349529        2.6140114600051463E-010
   2.6399998962879181        2.6320643562394281E-010
   2.6599998958408833        2.6527585762391563E-010
   2.6799998953938484        2.6766747120037935E-010
   2.6999998949468136        2.7045447338822954E-010
   2.7199998944997787        2.7373310872066276E-010
   2.7399998940527439        2.7764990290898177E-010
   2.7599998936057091        2.8249795081530077E-010
   2.7799998931586742        2.8902372085400171E-010
   2.7999998927116394        2.9926642941553632E-010
   2.8199998922646046        3.1840353976164202E-010
   2.8399998918175697        3.5742533865811385E-010
   2.8599998913705349        4.3286029066256629E-010
   2.8799998909235001        5.5152397132022925E-010
   2.8999998904764652        6.6645332068741905E-010
   2.9199998900294304        6.3934205857165963E-010
   2.9399998895823956        3.6946701502442877E-010
   2.9599998891353607        1.5981660097980159E-010
   2.9799998886883259        5.7807436464020389E-010
   2.9999998882412910        1.0867624058825270E-009
   3.0199998877942562        3.4292931939331709E-010
   3.0399998873472214        3.8714799817713137E-010
   3.0599998869001865        2.4273315128900181E-009
   3.0799998864531517        8.4043055752692330E-010
   3.0999998860061169        2.6146404898666427E-009
   3.1199998855590820        7.0993300006788478E-009
