  -2.0000000000000000        1.7801579696134681E-006
  -1.9800000004470348        1.3463538944546750E-006
  -1.9600000008940697        4.6082874712394960E-007
  -1.9400000013411045        5.1856067035379907E-008
  -1.9200000017881393        6.8158671116630691E-007
  -1.9000000022351742        5.9173180859252354E-007
  -1.8800000026822090        9.4544611114051669E-007
  -1.8600000031292439        1.1227240623457378E-006
  -1.8400000035762787        1.2032534926303759E-007
  -1.8200000040233135        4.1031724715420510E-007
  -1.8000000044703484        2.2300963822937948E-007
  -1.7800000049173832        8.2620612220403287E-007
  -1.7600000053644180        1.1811790418398877E-006
  -1.7400000058114529        5.4900784511401721E-008
  -1.7200000062584877        7.9505833647566551E-007
  -1.7000000067055225        7.0402247195155792E-007
  -1.6800000071525574        3.0060277601151678E-007
  -1.6600000075995922        4.6494378114534909E-007
  -1.6400000080466270        3.5640527309524731E-008
  -1.6200000084936619        1.2908337122078450E-006
  -1.6000000089406967        1.1197979059098491E-006
  -1.5800000093877316        2.5975722217919802E-009
  -1.5600000098347664        8.7459103027038427E-007
  -1.5400000102818012        5.7677255730621142E-007
  -1.5200000107288361        3.9866285775686358E-007
  -1.5000000111758709        4.5900140849588934E-007
  -1.4800000116229057        1.3579485927510367E-007
  -1.4600000120699406        1.4237170350717639E-006
  -1.4400000125169754        8.0920074723897963E-007
  -1.4200000129640102        1.3098160612143477E-007
  -1.4000000134110451        1.5268939108473774E-006
  -1.3800000138580799        6.8788215163338547E-007
  -1.3600000143051147        2.1068453047097194E-007
  -1.3400000147521496        7.6062446668579503E-007
  -1.3200000151991844        5.0860778599102660E-007
  -1.3000000156462193        7.7709277217365687E-007
  -1.2800000160932541        2.2334641021619137E-007
  -1.2600000165402889        8.7303018307133304E-007
  -1.2400000169873238        1.4588876962198685E-006
  -1.2200000174343586        5.8408061399578243E-008
  -1.2000000178813934        1.3594474625932027E-006
  -1.1800000183284283        1.5538651666863173E-006
  -1.1600000187754631        5.6138754642143193E-008
  -1.1400000192224979        1.4896482486471745E-006
  -1.1200000196695328        1.1419916416170805E-006
  -1.1000000201165676        2.6109928761503384E-007
  -1.0800000205636024        1.3065963222155795E-006
  -1.0600000210106373        8.3952128757865289E-007
  -1.0400000214576721        5.7446297263193709E-007
  -1.0200000219047070        8.3903672006049418E-007
  -1.0000000223517418        8.9726248761328896E-007
 -0.98000002279877663        9.1059100132719229E-007
 -0.96000002324581146        1.1831255680998503E-006
 -0.94000002369284630        1.8172396321726475E-006
 -0.92000002413988113        5.2885300639538579E-007
 -0.90000002458691597        3.9724049915157595E-007
 -0.88000002503395081        7.4766827819376045E-007
 -0.86000002548098564        2.1325424135094043E-006
 -0.84000002592802048        8.9560290122747674E-006
 -0.82000002637505531        1.3183046395846165E-005
 -0.80000002682209015        2.1486296552005406E-005
 -0.78000002726912498        2.4512181169007624E-005
 -0.76000002771615982        4.9127812152403501E-005
 -0.74000002816319466        8.5546184488795155E-005
 -0.72000002861022949        2.0242055706226473E-004
 -0.70000002905726433        3.5300776005086021E-004
 -0.68000002950429916        6.7826583063392227E-004
 -0.66000002995133400        1.1257296814943883E-003
 -0.64000003039836884        2.0149076612117275E-003
 -0.62000003084540367        3.3159089005484199E-003
 -0.60000003129243851        5.3856178266768586E-003
 -0.58000003173947334        8.0791959439615989E-003
 -0.56000003218650818        1.2054517472864507E-002
 -0.54000003263354301        1.8687913901633792E-002
 -0.52000003308057785        3.0881404396941963E-002
 -0.50000003352761269        5.1921006097335583E-002
 -0.48000003397464752        8.0964414941959925E-002
 -0.46000003442168236       0.11287960059144125     
 -0.44000003486871719       0.13797520905254165     
 -0.42000003531575203       0.16087703707253828     
 -0.40000003576278687       0.20719603273741313     
 -0.38000003620982170       0.32653510602305169     
 -0.36000003665685654       0.54202373346650923     
 -0.34000003710389137       0.80615246397088436     
 -0.32000003755092621       0.98397109262938276     
 -0.30000003799796104       0.95935545974883074     
 -0.28000003844499588       0.78983221560297501     
 -0.26000003889203072       0.77841996369334476     
 -0.24000003933906555        1.2974518158238804     
 -0.22000003978610039        2.3884551099831466     
 -0.20000004023313522        3.5353047285628025     
 -0.18000004068017006        3.8706890056857839     
 -0.16000004112720490        2.9695328049376806     
 -0.14000004157423973        1.4240143159228433     
 -0.12000004202127457       0.69806779141120034     
 -0.10000004246830940        1.9401351736890349     
  -8.0000042915344238E-002   4.7716543399068589     
  -6.0000043362379074E-002   7.3035957175085064     
  -4.0000043809413910E-002   7.4155998048562193     
  -2.0000044256448746E-002   4.8959307462011559     
  -4.4703483581542969E-008   1.4551768150665045     
   1.9999954849481583E-002   1.3172034124869022E-002
   3.9999954402446747E-002   3.0476169173055458E-005
   5.9999953955411911E-002   1.1874490858720644E-005
   7.9999953508377075E-002   2.3307304457873800E-006
   9.9999953061342239E-002   1.7192124179707222E-006
  0.11999995261430740        2.5248539195219660E-007
  0.13999995216727257        9.7111788568784060E-007
  0.15999995172023773        7.6387853582484234E-009
  0.17999995127320290        9.8578165117198494E-007
  0.19999995082616806        8.0239196444267528E-008
  0.21999995037913322        1.1086806934473270E-006
  0.23999994993209839        3.2302995492147628E-007
  0.25999994948506355        1.1630094919286678E-006
  0.27999994903802872        6.9458418454459306E-007
  0.29999994859099388        1.1000921010578717E-006
  0.31999994814395905        1.1423620860118464E-006
  0.33999994769692421        9.5801240784451301E-007
  0.35999994724988937        1.5798419703603023E-006
  0.37999994680285454        8.4025047695393576E-007
  0.39999994635581970        1.8909606089954005E-006
  0.41999994590878487        8.9302959813541407E-007
  0.43999994546175003        1.9671389347763440E-006
  0.45999994501471519        1.2381252532005438E-006
  0.47999994456768036        1.7730526477138119E-006
  0.49999994412064552        1.8212610333041926E-006
  0.51999994367361069        1.4336753895858744E-006
  0.53999994322657585        2.3327323398844826E-006
  0.55999994277954102        1.3006702820245793E-006
  0.57999994233250618        2.4156468099800257E-006
  0.59999994188547134        1.6996165877032541E-006
  0.61999994143843651        1.9863708210480383E-006
  0.63999994099140167        2.3698071026844953E-006
  0.65999994054436684        1.4963339366583782E-006
  0.67999994009733200        2.6083696817033773E-006
  0.69999993965029716        1.6847837770353781E-006
  0.71999993920326233        2.0862867757033853E-006
  0.73999993875622749        2.3608587091821186E-006
  0.75999993830919266        1.4497186405662262E-006
  0.77999993786215782        2.4870613179870598E-006
  0.79999993741512299        1.7274456528942302E-006
  0.81999993696808815        1.7301718804981911E-006
  0.83999993652105331        2.3261193899896271E-006
  0.85999993607401848        1.3097954014403058E-006
  0.87999993562698364        1.9879704371122718E-006
  0.89999993517994881        1.9107615734195873E-006
  0.91999993473291397        1.1708598256536476E-006
  0.93999993428587914        2.0316624382169644E-006
  0.95999993383884430        1.4876129644028844E-006
  0.97999993339180946        1.1619030993330961E-006
  0.99999993294477463        1.9029222568119322E-006
   1.0199999324977398        1.1852104163177195E-006
   1.0399999320507050        1.1368572344510200E-006
   1.0599999316036701        1.7224610121717324E-006
   1.0799999311566353        9.9073022667269033E-007
   1.0999999307096004        1.0445342151638446E-006
   1.1199999302625656        1.5626681525201828E-006
   1.1399999298155308        8.7174808346140255E-007
   1.1599999293684959        9.0621166663029931E-007
   1.1799999289214611        1.4126278859810230E-006
   1.1999999284744263        8.3561922978512529E-007
   1.2199999280273914        7.1480226976053722E-007
   1.2399999275803566        1.2799050774685082E-006
   1.2599999271333218        8.5599629937531104E-007
   1.2799999266862869        5.4178901531648805E-007
   1.2999999262392521        1.0766567215549894E-006
   1.3199999257922173        9.4661901620106012E-007
   1.3399999253451824        4.4056339612005581E-007
   1.3599999248981476        7.9367130773036116E-007
   1.3799999244511127        1.0049859821951493E-006
   1.3999999240040779        5.0932688094907663E-007
   1.4199999235570431        4.7103627878622499E-007
   1.4399999231100082        9.1371815052721863E-007
   1.4599999226629734        7.1177958150842237E-007
   1.4799999222159386        3.1456973037707553E-007
   1.4999999217689037        5.9347525403595817E-007
   1.5199999213218689        8.3483783366760464E-007
   1.5399999208748341        4.8155521743995701E-007
   1.5599999204277992        2.6804780796879950E-007
   1.5799999199807644        6.2606488386465516E-007
   1.5999999195337296        7.1695969604829146E-007
   1.6199999190866947        3.6225014990697590E-007
   1.6399999186396599        2.3778406515829765E-007
   1.6599999181926250        5.7599868479232612E-007
   1.6799999177455902        6.3859450438361760E-007
   1.6999999172985554        3.2587461619436797E-007
   1.7199999168515205        1.8435308717793251E-007
   1.7399999164044857        4.6521859979606965E-007
   1.7599999159574509        5.9632265105603209E-007
   1.7799999155104160        3.5947140519856039E-007
   1.7999999150633812        1.3930315612275892E-007
   1.8199999146163464        2.9746290491945878E-007
   1.8399999141693115        5.2994634642717755E-007
   1.8599999137222767        4.4371483954373107E-007
   1.8799999132752419        1.7983638676425861E-007
   1.8999999128282070        1.2872106355115462E-007
   1.9199999123811722        3.5264947785834241E-007
   1.9399999119341373        4.7609331877577555E-007
   1.9599999114871025        3.3962230805022421E-007
   1.9799999110400677        1.2062866345846149E-007
   1.9999999105930328        1.1637217324448599E-007
   2.0199999101459980        2.9528148199876408E-007
   2.0399999096989632        4.3187010719759837E-007
   2.0599999092519283        3.1430579351523871E-007
   2.0799999088048935        1.3527545108015509E-007
   2.0999999083578587        5.9005582379290863E-008
   2.1199999079108238        1.9176588226780714E-007
   2.1399999074637890        3.3103591178821040E-007
   2.1599999070167542        3.6181169173283366E-007
   2.1799999065697193        2.0586268575007353E-007
   2.1999999061226845        7.7502568670852633E-008
   2.2199999056756496        4.8972628701760330E-008
   2.2399999052286148        1.6425574072035363E-007
   2.2599999047815800        2.8390721556756852E-007
   2.2799999043345451        3.1754594470958077E-007
   2.2999999038875103        2.0965833521066525E-007
   2.3199999034404755        9.8265830168814136E-008
   2.3399999029934406        2.4522395952637855E-008
   2.3599999025464058        5.7094886276830325E-008
   2.3799999020993710        1.7365105733982932E-007
   2.3999999016523361        2.4228326610916339E-007
   2.4199999012053013        2.6690485897628672E-007
   2.4399999007582664        1.9497246668846147E-007
   2.4599999003112316        9.9325286669625340E-008
   2.4799998998641968        2.7892858406577652E-008
   2.4999998994171619        2.1523141632145148E-008
   2.5199998989701271        4.7401334525100046E-008
   2.5399998985230923        1.6218614838348067E-007
   2.5599998980760574        1.6972649697705173E-007
   2.5799998976290226        2.4825132665933416E-007
   2.5999998971819878        1.6496998741932335E-007
   2.6199998967349529        1.5069209927141146E-007
   2.6399998962879181        5.9540442343462329E-008
   2.6599998958408833        2.7357058664831836E-008
   2.6799998953938484        3.7045621824372640E-010
   2.6999998949468136        3.2401631456696150E-008
   2.7199998944997787        3.2480340286211195E-008
   2.7399998940527439        1.4156012897996994E-007
   2.7599998936057091        8.9750855101228032E-008
   2.7799998931586742        2.2117325515905711E-007
   2.7999998927116394        1.1060592758187814E-007
   2.8199998922646046        1.9926238304704168E-007
   2.8399998918175697        9.3766479435016360E-008
   2.8599998913705349        1.1000857729731274E-007
   2.8799998909235001        6.2311715771785327E-008
   2.8999998904764652        2.7878564412572081E-008
   2.9199998900294304        2.9954581816514285E-008
   2.9399998895823956        8.9705162085707513E-010
   2.9599998891353607        5.4564187025979432E-009
   2.9799998886883259        2.1518769149613949E-008
   2.9999998882412910        3.4662904327051313E-009
   3.0199998877942562        4.6709075450202881E-008
   3.0399998873472214        3.3127163237597280E-008
   3.0599998869001865        4.6001379415784698E-008
   3.0799998864531517        7.4847337835818999E-008
   3.0999998860061169        2.0084593395731725E-008
   3.1199998855590820        1.7301109882966340E-007
