  -2.0000000000000000        3.2159685146970495E-007
  -1.9800000004470348        4.5765506827301549E-007
  -1.9600000008940697        3.0122505144784236E-007
  -1.9400000013411045        2.3462499332751949E-006
  -1.9200000017881393        6.1617805265762212E-007
  -1.9000000022351742        7.8767808889020158E-008
  -1.8800000026822090        6.3497169372738814E-007
  -1.8600000031292439        2.8035126729810820E-007
  -1.8400000035762787        1.4602686947595488E-006
  -1.8200000040233135        1.2438237294234267E-006
  -1.8000000044703484        1.2648906392631823E-007
  -1.7800000049173832        6.1029924428107075E-007
  -1.7600000053644180        4.1444581072959760E-007
  -1.7400000058114529        8.6684577373225853E-007
  -1.7200000062584877        8.0403797708746278E-007
  -1.7000000067055225        4.3342618431756188E-007
  -1.6800000071525574        1.4528089459241221E-006
  -1.6600000075995922        6.6432692468122231E-007
  -1.6400000080466270        2.2925908374518662E-007
  -1.6200000084936619        1.2389506650563318E-007
  -1.6000000089406967        7.0447310478206863E-007
  -1.5800000093877316        1.7396434445244429E-006
  -1.5600000098347664        2.3665620362961356E-007
  -1.5400000102818012        8.2529971195782790E-007
  -1.5200000107288361        1.3688983323900979E-006
  -1.5000000111758709        2.4501886151154851E-007
  -1.4800000116229057        3.5732866523673752E-007
  -1.4600000120699406        2.3030871500577102E-007
  -1.4400000125169754        1.4311143625135821E-006
  -1.4200000129640102        8.5185257409071994E-007
  -1.4000000134110451        2.5001254210039517E-007
  -1.3800000138580799        2.0758066783327929E-006
  -1.3600000143051147        7.2747703560170758E-007
  -1.3400000147521496        2.5806728299210001E-007
  -1.3200000151991844        1.0411922552617220E-006
  -1.3000000156462193        6.4885013443518827E-007
  -1.2800000160932541        5.2636740635011173E-007
  -1.2600000165402889        2.6124016376724306E-007
  -1.2400000169873238        1.6984420023573497E-006
  -1.2200000174343586        8.1750203404405818E-007
  -1.2000000178813934        4.3436658489955454E-007
  -1.1800000183284283        2.4829679292881977E-006
  -1.1600000187754631        5.1621877644223638E-007
  -1.1400000192224979        8.3100026947571201E-007
  -1.1200000196695328        2.0284582631732513E-006
  -1.1000000201165676        2.9007142921473079E-007
  -1.0800000205636024        9.0765588729881890E-007
  -1.0600000210106373        1.2379321635131890E-006
  -1.0400000214576721        6.1301864214379905E-007
  -1.0200000219047070        5.2919455211924454E-007
  -1.0000000223517418        1.5038208206926259E-006
 -0.98000002279877663        1.1908574343345169E-006
 -0.96000002324581146        8.1302925517504075E-007
 -0.94000002369284630        2.1778567385742925E-006
 -0.92000002413988113        9.3105555003898695E-008
 -0.90000002458691597        3.1822716191964044E-007
 -0.88000002503395081        3.1491600308619309E-006
 -0.86000002548098564        2.1575973209936492E-006
 -0.84000002592802048        1.1216044335786421E-005
 -0.82000002637505531        8.1841878796456755E-006
 -0.80000002682209015        1.7832519441393712E-005
 -0.78000002726912498        1.4272209041879033E-005
 -0.76000002771615982        4.6379770616046342E-005
 -0.74000002816319466        7.2794263081822150E-005
 -0.72000002861022949        1.8208387284791879E-004
 -0.70000002905726433        2.9079905230778956E-004
 -0.68000002950429916        5.6909060567728682E-004
 -0.66000002995133400        9.5823559573133231E-004
 -0.64000003039836884        1.7565668463959865E-003
 -0.62000003084540367        2.8771393822399492E-003
 -0.60000003129243851        4.4777803182295189E-003
 -0.58000003173947334        6.4221853970291634E-003
 -0.56000003218650818        9.3766130634114816E-003
 -0.54000003263354301        1.5319106899320103E-002
 -0.52000003308057785        2.7054153460255796E-002
 -0.50000003352761269        4.7403371255609006E-002
 -0.48000003397464752        7.2851137706050173E-002
 -0.46000003442168236        9.6563075966357256E-002
 -0.44000003486871719       0.10911685795410897     
 -0.42000003531575203       0.12157818031736342     
 -0.40000003576278687       0.16729349185632833     
 -0.38000003620982170       0.29750969208495459     
 -0.36000003665685654       0.52188007083792098     
 -0.34000003710389137       0.76925930275159193     
 -0.32000003755092621       0.89216220307350180     
 -0.30000003799796104       0.79579221830638946     
 -0.28000003844499588       0.59181622300860082     
 -0.26000003889203072       0.62816655880542227     
 -0.24000003933906555        1.2643452221583842     
 -0.22000003978610039        2.4560010701381576     
 -0.20000004023313522        3.5950319955927958     
 -0.18000004068017006        3.7960126125623601     
 -0.16000004112720490        2.7353520652454009     
 -0.14000004157423973        1.1475227033053061     
 -0.12000004202127457       0.56641981106907968     
 -0.10000004246830940        2.0708929980315789     
  -8.0000042915344238E-002   5.1243399236264366     
  -6.0000043362379074E-002   7.7265477604971231     
  -4.0000043809413910E-002   7.7483148794812129     
  -2.0000044256448746E-002   5.0737864498802416     
  -4.4703483581542969E-008   1.5009345764608355     
   1.9999954849481583E-002   1.3509842525750233E-002
   3.9999954402446747E-002   3.3601857130498622E-005
   5.9999953955411911E-002   9.9991202237631368E-006
   7.9999953508377075E-002   3.3722378676219843E-006
   9.9999953061342239E-002   8.0098139477476896E-007
  0.11999995261430740        9.5483303857818293E-007
  0.13999995216727257        1.4169219954811275E-007
  0.15999995172023773        7.4708385995663796E-007
  0.17999995127320290        6.3600489401445218E-008
  0.19999995082616806        8.9487042158621166E-007
  0.21999995037913322        1.4528312252387763E-007
  0.23999994993209839        1.0910211252740252E-006
  0.25999994948506355        3.3870019722474310E-007
  0.27999994903802872        1.2052817401550138E-006
  0.29999994859099388        6.3752975380452933E-007
  0.31999994814395905        1.1924688107942464E-006
  0.33999994769692421        1.0218665823242823E-006
  0.35999994724988937        1.0797485073560364E-006
  0.37999994680285454        1.4316940122827289E-006
  0.39999994635581970        9.5233738052036986E-007
  0.41999994590878487        1.7616168390670738E-006
  0.43999994546175003        9.4090107099050395E-007
  0.45999994501471519        1.8965678014551182E-006
  0.47999994456768036        1.1793888844695070E-006
  0.49999994412064552        1.7835907738132482E-006
  0.51999994367361069        1.6697840833019002E-006
  0.53999994322657585        1.5023227760139767E-006
  0.55999994277954102        2.1591916799596968E-006
  0.57999994233250618        1.3280572771389542E-006
  0.59999994188547134        2.3038358991834866E-006
  0.61999994143843651        1.5954993605429244E-006
  0.63999994099140167        1.9916199262911377E-006
  0.65999994054436684        2.1793540431893607E-006
  0.67999994009733200        1.5379235772359156E-006
  0.69999993965029716        2.4601252720402126E-006
  0.71999993920326233        1.5960991270909901E-006
  0.73999993875622749        2.0882495171054401E-006
  0.75999993830919266        2.1675497092520383E-006
  0.77999993786215782        1.4943884951595587E-006
  0.79999993741512299        2.3652714866681529E-006
  0.81999993696808815        1.6144386590170816E-006
  0.83999993652105331        1.7868003174353338E-006
  0.85999993607401848        2.1534757294519545E-006
  0.87999993562698364        1.3059196297346266E-006
  0.89999993517994881        1.9830996407678715E-006
  0.91999993473291397        1.7493988380650805E-006
  0.93999993428587914        1.2451591018114302E-006
  0.95999993383884430        1.9666758833206058E-006
  0.97999993339180946        1.3662167006951690E-006
  0.99999993294477463        1.2684788565518182E-006
   1.0199999324977398        1.8087069155316241E-006
   1.0399999320507050        1.0955152801820662E-006
   1.0599999316036701        1.2619464301226908E-006
   1.0799999311566353        1.6084522296761387E-006
   1.0999999307096004        9.2677692978080547E-007
   1.1199999302625656        1.1774421560755163E-006
   1.1399999298155308        1.4523069668094055E-006
   1.1599999293684959        8.0315501616099902E-007
   1.1799999289214611        1.0524892594963263E-006
   1.1999999284744263        1.3217976403652833E-006
   1.2199999280273914        7.3671295818844892E-007
   1.2399999275803566        8.8007946278851555E-007
   1.2599999271333218        1.2224712773433427E-006
   1.2799999266862869        7.2380423837777350E-007
   1.2999999262392521        6.7675029558975731E-007
   1.3199999257922173        1.1188477143341719E-006
   1.3399999253451824        7.6615581524263861E-007
   1.3599999248981476        5.0758364483080780E-007
   1.3799999244511127        9.3124411832117915E-007
   1.3999999240040779        8.6366983224510045E-007
   1.4199999235570431        4.2850197140102156E-007
   1.4399999231100082        6.6704053663464220E-007
   1.4599999226629734        8.9779111521619337E-007
   1.4799999222159386        5.2496968348200514E-007
   1.4999999217689037        3.9692289078729916E-007
   1.5199999213218689        7.6053243060077323E-007
   1.5399999208748341        7.0792822196332498E-007
   1.5599999204277992        3.3321946861695454E-007
   1.5799999199807644        4.5037532196829784E-007
   1.5999999195337296        7.2805018263211992E-007
   1.6199999190866947        5.4200530558954386E-007
   1.6399999186396599        2.5339179008578750E-007
   1.6599999181926250        4.5404192158103013E-007
   1.6799999177455902        6.5825744745901946E-007
   1.6999999172985554        4.4792626176592510E-007
   1.7199999168515205        2.1158971798941671E-007
   1.7399999164044857        3.9287410779069744E-007
   1.7599999159574509        5.9540518809881870E-007
   1.7799999155104160        4.1960685877877101E-007
   1.7999999150633812        1.8707966723815519E-007
   1.8199999146163464        2.8389926997474909E-007
   1.8399999141693115        5.2162135989420896E-007
   1.8599999137222767        4.3974506448449146E-007
   1.8799999132752419        2.0889358851475635E-007
   1.8999999128282070        1.6365774573265449E-007
   1.9199999123811722        3.8355531152941583E-007
   1.9399999119341373        4.5949492491967657E-007
   1.9599999114871025        3.0520832847974627E-007
   1.9799999110400677        1.2016933907423776E-007
   1.9999999105930328        1.8148020069939698E-007
   2.0199999101459980        3.7331818255524405E-007
   2.0399999096989632        3.9814933343961054E-007
   2.0599999092519283        2.4001862562725616E-007
   2.0799999088048935        9.1469698185727036E-008
   2.0999999083578587        1.5091826951304005E-007
   2.1199999079108238        2.9661772283148800E-007
   2.1399999074637890        3.7415437837419454E-007
   2.1599999070167542        2.4058987445260992E-007
   2.1799999065697193        1.0868791220522968E-007
   2.1999999061226845        6.9796718961723586E-008
   2.2199999056756496        1.9310452054025377E-007
   2.2399999052286148        2.9803899182420618E-007
   2.2599999047815800        3.0398114322578321E-007
   2.2799999043345451        1.7473484035313633E-007
   2.2999999038875103        7.0293903738252966E-008
   2.3199999034404755        5.9383636635655108E-008
   2.3399999029934406        1.3632709857952910E-007
   2.3599999025464058        2.6215399013841616E-007
   2.3799999020993710        2.5320626234246217E-007
   2.3999999016523361        2.0940470893249276E-007
   2.4199999012053013        8.4130733230099000E-008
   2.4399999007582664        4.0356389095743571E-008
   2.4599999003112316        4.1633788369327679E-008
   2.4799998998641968        1.4588971116841032E-007
   2.4999998994171619        1.8491490483379947E-007
   2.5199998989701271        2.5320101199820554E-007
   2.5399998985230923        1.5884480897684557E-007
   2.5599998980760574        1.3307426052216353E-007
   2.5799998976290226        2.8446416910273644E-008
   2.5999998971819878        2.0241482336344929E-008
   2.6199998967349529        4.9220215883761645E-008
   2.6399998962879181        8.2784921994573356E-008
   2.6599998958408833        1.7183885044952797E-007
   2.6799998953938484        1.6980486113060542E-007
   2.6999998949468136        1.8359502102471859E-007
   2.7199998944997787        1.3768380074972905E-007
   2.7399998940527439        8.3020588940050625E-008
   2.7599998936057091        4.6193692424489567E-008
   2.7799998931586742        1.6081189036173426E-008
   2.7999998927116394        9.7559753854914467E-010
   2.8199998922646046        6.0143094361396925E-008
   2.8399998918175697        2.6652496841552788E-008
   2.8599998913705349        1.4788486340025156E-007
   2.8799998909235001        7.4419389706043765E-008
   2.8999998904764652        1.7574840530645057E-007
   2.9199998900294304        9.6111607865230588E-008
   2.9399998895823956        1.2467168907836993E-007
   2.9599998891353607        8.1496635479060770E-008
   2.9799998886883259        5.1099765077756813E-008
   2.9999998882412910        4.7511960137345859E-008
   3.0199998877942562        9.8507198949168164E-009
   3.0399998873472214        2.1016368716914299E-008
   3.0599998869001865        3.1854132429206226E-009
   3.0799998864531517        1.9107003979792439E-008
   3.0999998860061169        2.7717458419061779E-009
   3.1199998855590820        2.0337309959597129E-008
