  -2.0000000000000000        2.7049947259464824E-006
  -1.9800000004470348        1.2464939155970304E-006
  -1.9600000008940697        3.3268662771402796E-007
  -1.9400000013411045        2.9650027637992719E-007
  -1.9200000017881393        1.3177171454098514E-007
  -1.9000000022351742        2.0977693685566416E-006
  -1.8800000026822090        6.9206875258172767E-007
  -1.8600000031292439        1.1147375682497242E-007
  -1.8400000035762787        7.8537639444097737E-007
  -1.8200000040233135        6.9032410750921810E-008
  -1.8000000044703484        1.4966607123253661E-006
  -1.7800000049173832        7.5290815613925462E-007
  -1.7600000053644180        2.0265972903683650E-007
  -1.7400000058114529        1.0196854196563871E-006
  -1.7200000062584877        3.6706494053009199E-007
  -1.7000000067055225        6.9751878055943713E-007
  -1.6800000071525574        1.6775527784409253E-007
  -1.6600000075995922        1.1473707561397340E-006
  -1.6400000080466270        1.3884849975641483E-006
  -1.6200000084936619        8.9214347558643688E-008
  -1.6000000089406967        4.9578686031146837E-007
  -1.5800000093877316        1.9256125403561736E-007
  -1.5600000098347664        1.3008219113579054E-006
  -1.5400000102818012        5.8636930900488808E-007
  -1.5200000107288361        4.0569234477865495E-007
  -1.5000000111758709        1.7424777150214289E-006
  -1.4800000116229057        2.9376994093036914E-007
  -1.4600000120699406        4.1415712184987965E-007
  -1.4400000125169754        3.4609126419084195E-007
  -1.4200000129640102        1.0517172905494451E-006
  -1.4000000134110451        7.4861387795313914E-007
  -1.3800000138580799        2.6560760543898489E-007
  -1.3600000143051147        2.0271135055916989E-006
  -1.3400000147521496        4.3316487219553585E-007
  -1.3200000151991844        5.7709693597235862E-007
  -1.3000000156462193        1.0564234426481609E-006
  -1.2800000160932541        4.9524973111643497E-007
  -1.2600000165402889        5.3656457152775351E-007
  -1.2400000169873238        4.9665579103975865E-007
  -1.2200000174343586        1.6435554571850319E-006
  -1.2000000178813934        1.7146483043608181E-007
  -1.1800000183284283        1.3795803635777757E-006
  -1.1600000187754631        1.7082554650792259E-006
  -1.1400000192224979        8.1552941859100930E-008
  -1.1200000196695328        1.8276649328092647E-006
  -1.1000000201165676        7.8237891666826631E-007
  -1.0800000205636024        5.5172193164278205E-007
  -1.0600000210106373        1.0399844420897337E-006
  -1.0400000214576721        9.1635635805812425E-007
  -1.0200000219047070        6.2176112227889409E-007
  -1.0000000223517418        1.1580113034595274E-006
 -0.98000002279877663        1.8204312632639244E-006
 -0.96000002324581146        2.5137247881755630E-007
 -0.94000002369284630        1.7677425781683958E-006
 -0.92000002413988113        6.3604164843429276E-007
 -0.90000002458691597        2.3700284682232541E-007
 -0.88000002503395081        4.6047722793361961E-006
 -0.86000002548098564        2.4327942298515764E-006
 -0.84000002592802048        9.6890900051071795E-006
 -0.82000002637505531        4.9088816312380363E-006
 -0.80000002682209015        1.2204979156604808E-005
 -0.78000002726912498        1.2175941882300294E-005
 -0.76000002771615982        4.0181273338326427E-005
 -0.74000002816319466        6.9730266377139881E-005
 -0.72000002861022949        1.4763333735159505E-004
 -0.70000002905726433        2.4733838520011437E-004
 -0.68000002950429916        4.7289623764603642E-004
 -0.66000002995133400        8.6534395866069442E-004
 -0.64000003039836884        1.5744734328351296E-003
 -0.62000003084540367        2.5151822166844819E-003
 -0.60000003129243851        3.6311948902906978E-003
 -0.58000003173947334        4.8653633961635969E-003
 -0.56000003218650818        7.1961983105157433E-003
 -0.54000003263354301        1.2945174461447672E-002
 -0.52000003308057785        2.5060177659876729E-002
 -0.50000003352761269        4.4606099768535128E-002
 -0.48000003397464752        6.6164249939654793E-002
 -0.46000003442168236        8.0612211497273364E-002
 -0.44000003486871719        8.2052840769398019E-002
 -0.42000003531575203        8.7970495652716280E-002
 -0.40000003576278687       0.13982990544596344     
 -0.38000003620982170       0.28523925619004858     
 -0.36000003665685654       0.51616645240108350     
 -0.34000003710389137       0.73803882409224630     
 -0.32000003755092621       0.79801748505498882     
 -0.30000003799796104       0.63475180857870439     
 -0.28000003844499588       0.41527377106261992     
 -0.26000003889203072       0.52313072542183492     
 -0.24000003933906555        1.2818795677034198     
 -0.22000003978610039        2.5538195663051568     
 -0.20000004023313522        3.6466236472256042     
 -0.18000004068017006        3.6893958777516396     
 -0.16000004112720490        2.4768984458067265     
 -0.14000004157423973       0.88167865464583173     
 -0.12000004202127457       0.47360711075676271     
 -0.10000004246830940        2.2317435493678119     
  -8.0000042915344238E-002   5.4649125955243401     
  -6.0000043362379074E-002   8.0870618909005607     
  -4.0000043809413910E-002   8.0031318848322996     
  -2.0000044256448746E-002   5.1944469223332339     
  -4.4703483581542969E-008   1.5293458687104216     
   1.9999954849481583E-002   1.3786216961277001E-002
   3.9999954402446747E-002   3.1979617808436327E-005
   5.9999953955411911E-002   1.1940288227558566E-005
   7.9999953508377075E-002   2.5754033422559009E-006
   9.9999953061342239E-002   1.4751731723710307E-006
  0.11999995261430740        4.5420167791182125E-007
  0.13999995216727257        6.6199585865810350E-007
  0.15999995172023773        1.7272215517023786E-007
  0.17999995127320290        6.8234192503932176E-007
  0.19999995082616806        1.3508167264133671E-007
  0.21999995037913322        9.1154963830131814E-007
  0.23999994993209839        1.9511525834844881E-007
  0.25999994948506355        1.1513054574506072E-006
  0.27999994903802872        3.4738266802560143E-007
  0.29999994859099388        1.2834946083518602E-006
  0.31999994814395905        6.1069172650146530E-007
  0.33999994769692421        1.2637312813280685E-006
  0.35999994724988937        9.8457099134265318E-007
  0.37999994680285454        1.1233153173630740E-006
  0.39999994635581970        1.4141831979059793E-006
  0.41999994590878487        9.5583819003958721E-007
  0.43999994546175003        1.7770333953791984E-006
  0.45999994501471519        9.0203627294679731E-007
  0.47999994456768036        1.9246077136370218E-006
  0.49999994412064552        1.1129231639436612E-006
  0.51999994367361069        1.7867710996096281E-006
  0.53999994322657585        1.6163023764025910E-006
  0.55999994277954102        1.4627965651591792E-006
  0.57999994233250618        2.1497101503803946E-006
  0.59999994188547134        1.2476188519219950E-006
  0.61999994143843651        2.3034429441946670E-006
  0.63999994099140167        1.5003910695085823E-006
  0.65999994054436684        1.9521376813971226E-006
  0.67999994009733200        2.1335102816970610E-006
  0.69999993965029716        1.4552175569225908E-006
  0.71999993920326233        2.4535229110188076E-006
  0.73999993875622749        1.4907874000457353E-006
  0.75999993830919266        2.0545476788665472E-006
  0.77999993786215782        2.1216229984223128E-006
  0.79999993741512299        1.4157481059395149E-006
  0.81999993696808815        2.3655184526317621E-006
  0.83999993652105331        1.5197591330874957E-006
  0.85999993607401848        1.7623480799903228E-006
  0.87999993562698364        2.1417437967385393E-006
  0.89999993517994881        1.2214060789701512E-006
  0.91999993473291397        2.0010368029278702E-006
  0.93999993428587914        1.6951100751525454E-006
  0.95999993383884430        1.2129755340027703E-006
  0.97999993339180946        1.9943087809191127E-006
  0.99999993294477463        1.2899171520238437E-006
   1.0199999324977398        1.2809226336403594E-006
   1.0399999320507050        1.8360974954185190E-006
   1.0599999316036701        1.0110636533039609E-006
   1.0799999311566353        1.3121813658024195E-006
   1.0999999307096004        1.6208263688982578E-006
   1.1199999302625656        8.4767054286295232E-007
   1.1399999298155308        1.2596034656628272E-006
   1.1599999293684959        1.4451777425114216E-006
   1.1799999289214611        7.3682683942009566E-007
   1.1999999284744263        1.1398616315641561E-006
   1.2199999280273914        1.3289412671888691E-006
   1.2399999275803566        6.5287200333466590E-007
   1.2599999271333218        9.8674543724434464E-007
   1.2799999266862869        1.2377196731348319E-006
   1.2999999262392521        6.2648414605633790E-007
   1.3199999257922173        7.8311578550444110E-007
   1.3399999253451824        1.1648788482049479E-006
   1.3599999248981476        6.6345921319892404E-007
   1.3799999244511127        5.6034639000367590E-007
   1.3999999240040779        1.0529051484142747E-006
   1.4199999235570431        7.6227312418266415E-007
   1.4399999231100082        4.0659372193440295E-007
   1.4599999226629734        8.2151071926264789E-007
   1.4799999222159386        8.8623885055805536E-007
   1.4999999217689037        4.0218447183893921E-007
   1.5199999213218689        5.1223479161729034E-007
   1.5399999208748341        8.7822884336411705E-007
   1.5599999204277992        5.8319668181559925E-007
   1.5799999199807644        2.9696419823682466E-007
   1.5999999195337296        6.2485932712716145E-007
   1.6199999190866947        7.7006420053578179E-007
   1.6399999186396599        3.7625738911206459E-007
   1.6599999181926250        2.9434165152637728E-007
   1.6799999177455902        6.4655915998865692E-007
   1.6999999172985554        6.4108350069450440E-007
   1.7199999168515205        2.8007780049897400E-007
   1.7399999164044857        2.7556944373519814E-007
   1.7599999159574509        6.0685156201093171E-007
   1.7799999155104160        5.6064778073518265E-007
   1.7999999150633812        2.4791245329160920E-007
   1.8199999146163464        2.2063561381437921E-007
   1.8399999141693115        5.1855850393202723E-007
   1.8599999137222767        5.3827777365464810E-007
   1.8799999132752419        2.6453225261423416E-007
   1.8999999128282070        1.5101573474644672E-007
   1.9199999123811722        3.7483593223140924E-007
   1.9399999119341373        5.3012952472901570E-007
   1.9599999114871025        3.3618498654716853E-007
   1.9799999110400677        1.2775012276419679E-007
   1.9999999105930328        1.9640255924215862E-007
   2.0199999101459980        4.3380561370513885E-007
   2.0399999096989632        4.2732984966565475E-007
   2.0599999092519283        2.2940749601505875E-007
   2.0799999088048935        8.6056582800011799E-008
   2.0999999083578587        2.0351777291382724E-007
   2.1199999079108238        3.9989490849678131E-007
   2.1399999074637890        3.7215721771599042E-007
   2.1599999070167542        2.0274889654377255E-007
   2.1799999065697193        6.1249122312503158E-008
   2.1999999061226845        1.5430453459493800E-007
   2.2199999056756496        3.0510203271228087E-007
   2.2399999052286148        3.7299765374392524E-007
   2.2599999047815800        2.2913591550452599E-007
   2.2799999043345451        8.9012271493163857E-008
   2.2999999038875103        6.2256384620828036E-008
   2.3199999034404755        1.6613377862957551E-007
   2.3399999029934406        3.1771651015606636E-007
   2.3599999025464058        2.8675636292413083E-007
   2.3799999020993710        2.0618332922644575E-007
   2.3999999016523361        5.5514537970862195E-008
   2.4199999012053013        4.4898702577719670E-008
   2.4399999007582664        1.1369359460067758E-007
   2.4599999003112316        2.4204820602567805E-007
   2.4799998998641968        2.6252499763141337E-007
   2.4999998994171619        2.3497052779130202E-007
   2.5199998989701271        1.0706152871684323E-007
   2.5399998985230923        3.6099535662782932E-008
   2.5599998980760574        4.1068082788623885E-008
   2.5799998976290226        6.9539183943810776E-008
   2.5999998971819878        2.2146684595169462E-007
   2.6199998967349529        1.8117318974216897E-007
   2.6399998962879181        2.5953278885412981E-007
   2.6599998958408833        1.0481037854437704E-007
   2.6799998953938484        1.0099106392536760E-007
   2.6999998949468136        4.4160632503506873E-009
   2.7199998944997787        2.5776094554796944E-008
   2.7399998940527439        6.3594762291969152E-008
   2.7599998936057091        1.1829473782366626E-007
   2.7799998931586742        1.5999828490599806E-007
   2.7999998927116394        1.8661284050860480E-007
   2.8199998922646046        1.3941922695843947E-007
   2.8399998918175697        1.3609560474330772E-007
   2.8599998913705349        5.3324814464420068E-008
   2.8799998909235001        4.7976181203672467E-008
   2.8999998904764652        1.5875251698097906E-008
   2.9199998900294304        8.1408827907138543E-009
   2.9399998895823956        3.8859189049980358E-008
   2.9599998891353607        1.7250776944181980E-008
   2.9799998886883259        6.7411207707954111E-008
   2.9999998882412910        4.3003106553109681E-008
   3.0199998877942562        9.4674199097263535E-008
   3.0399998873472214        9.4212481697453686E-008
   3.0599998869001865        1.2868102352530971E-007
   3.0799998864531517        1.7736236435752363E-007
   3.0999998860061169        9.8667167991939059E-008
   3.1199998855590820        1.1662891198289734E-007
