  -2.0000000000000000        1.7070641914810280E-008
  -1.9800000004470348        6.2125546051450919E-007
  -1.9600000008940697        9.0213710555995298E-007
  -1.9400000013411045        1.9893143013059507E-006
  -1.9200000017881393        1.6234549755785854E-007
  -1.9000000022351742        4.4688119766678411E-007
  -1.8800000026822090        3.4505541974144076E-007
  -1.8600000031292439        1.7261478636038322E-006
  -1.8400000035762787        6.1635099471634703E-007
  -1.8200000040233135        2.1030107719359405E-008
  -1.8000000044703484        1.6277770705906623E-006
  -1.7800000049173832        1.1369840887428222E-007
  -1.7600000053644180        9.9446250233201372E-007
  -1.7400000058114529        4.2613187141436413E-008
  -1.7200000062584877        1.0376758709512296E-006
  -1.7000000067055225        1.6794685442534289E-006
  -1.6800000071525574        8.1742557920152935E-008
  -1.6600000075995922        2.6881809025986463E-007
  -1.6400000080466270        2.4337875016122046E-007
  -1.6200000084936619        1.8737245454990819E-006
  -1.6000000089406967        3.3098333040474704E-007
  -1.5800000093877316        6.7985911145915110E-007
  -1.5600000098347664        1.2429100751724445E-006
  -1.5400000102818012        2.9030960932450893E-007
  -1.5200000107288361        3.8849814963307520E-007
  -1.5000000111758709        3.6106828718726318E-007
  -1.4800000116229057        2.0027214678388552E-006
  -1.4600000120699406        3.3104008150461105E-007
  -1.4400000125169754        8.4155281964287765E-007
  -1.4200000129640102        1.1756712041105719E-006
  -1.4000000134110451        3.5533628434794385E-007
  -1.3800000138580799        3.7065026658487976E-007
  -1.3600000143051147        6.4015847300686282E-007
  -1.3400000147521496        1.7886016895807921E-006
  -1.3200000151991844        3.6523230313337084E-008
  -1.3000000156462193        1.6395481107584839E-006
  -1.2800000160932541        1.2131565926740336E-006
  -1.2600000165402889        2.1530903128906142E-007
  -1.2400000169873238        9.4906561336523778E-007
  -1.2200000174343586        7.6314719383393362E-007
  -1.2000000178813934        7.2590126908057502E-007
  -1.1800000183284283        3.8901884698189634E-007
  -1.1600000187754631        2.1120882071153008E-006
  -1.1400000192224979        2.4991694250038464E-007
  -1.1200000196695328        1.5365579408768851E-006
  -1.1000000201165676        1.7265919934162904E-006
  -1.0800000205636024        1.6258267721067550E-007
  -1.0600000210106373        1.6699043096028333E-006
  -1.0400000214576721        7.6920023397009644E-007
  -1.0200000219047070        7.7587646808312150E-007
  -1.0000000223517418        1.0631886755471517E-006
 -0.98000002279877663        1.4143767082463282E-006
 -0.96000002324581146        1.8394571861805279E-007
 -0.94000002369284630        1.2832689081419442E-006
 -0.92000002413988113        1.1810282701959920E-006
 -0.90000002458691597        6.3892346713484959E-007
 -0.88000002503395081        5.3812684858207135E-006
 -0.86000002548098564        1.8683538562680680E-006
 -0.84000002592802048        7.6873822986709367E-006
 -0.82000002637505531        2.4508276117328006E-006
 -0.80000002682209015        8.7096077320039786E-006
 -0.78000002726912498        1.3493627171357509E-005
 -0.76000002771615982        3.4799496372285549E-005
 -0.74000002816319466        6.3624380880786667E-005
 -0.72000002861022949        1.1421060029117046E-004
 -0.70000002905726433        2.0992907845924288E-004
 -0.68000002950429916        4.1973788696719055E-004
 -0.66000002995133400        8.2325659644823658E-004
 -0.64000003039836884        1.4602547933408284E-003
 -0.62000003084540367        2.1616138686252522E-003
 -0.60000003129243851        2.7847075822228823E-003
 -0.58000003173947334        3.4531093978837665E-003
 -0.56000003218650818        5.5406988729263191E-003
 -0.54000003263354301        1.1824294662905422E-002
 -0.52000003308057785        2.4573819944629493E-002
 -0.50000003352761269        4.3287023207911592E-002
 -0.48000003397464752        5.9679530869242346E-002
 -0.46000003442168236        6.4825885937442609E-002
 -0.44000003486871719        5.6805925166129936E-002
 -0.42000003531575203        6.1740440867242299E-002
 -0.40000003576278687       0.12590710111024855     
 -0.38000003620982170       0.28888363881421453     
 -0.36000003665685654       0.52168434239990757     
 -0.34000003710389137       0.70780760220083194     
 -0.32000003755092621       0.70083910986055764     
 -0.30000003799796104       0.47958976265197972     
 -0.28000003844499588       0.26856707010937925     
 -0.26000003889203072       0.46804388414092046     
 -0.24000003933906555        1.3495575892100053     
 -0.22000003978610039        2.6737326086816293     
 -0.20000004023313522        3.6840379621773502     
 -0.18000004068017006        3.5511005634164565     
 -0.16000004112720490        2.2038017450881759     
 -0.14000004157423973       0.63813745370056585     
 -0.12000004202127457       0.42488271573936298     
 -0.10000004246830940        2.4209041308903543     
  -8.0000042915344238E-002   5.7839702952673351     
  -6.0000043362379074E-002   8.3797793274111552     
  -4.0000043809413910E-002   8.1756997426871507     
  -2.0000044256448746E-002   5.2586972417169964     
  -4.4703483581542969E-008   1.5405493945048514     
   1.9999954849481583E-002   1.3845521924281437E-002
   3.9999954402446747E-002   3.3590635346291998E-005
   5.9999953955411911E-002   1.1001946734622095E-005
   7.9999953508377075E-002   3.1524596055630726E-006
   9.9999953061342239E-002   1.1386212441158840E-006
  0.11999995261430740        7.0769867406888662E-007
  0.13999995216727257        3.9778526574750392E-007
  0.15999995172023773        4.2755945981110217E-007
  0.17999995127320290        2.7232636154638579E-007
  0.19999995082616806        5.5427815766072720E-007
  0.21999995037913322        2.6419949413306391E-007
  0.23999994993209839        8.3351128344487346E-007
  0.25999994948506355        3.0350876009236788E-007
  0.27999994903802872        1.1255438999321682E-006
  0.29999994859099388        3.9330615704632328E-007
  0.31999994814395905        1.3208060913150320E-006
  0.33999994769692421        5.6712572412137185E-007
  0.35999994724988937        1.3613389557934293E-006
  0.37999994680285454        8.5748886520321294E-007
  0.39999994635581970        1.2558405380957219E-006
  0.41999994590878487        1.2514284206540151E-006
  0.43999994546175003        1.0761177015676970E-006
  0.45999994501471519        1.6517411317418588E-006
  0.47999994456768036        9.4745827291258681E-007
  0.49999994412064552        1.8930506241065315E-006
  0.51999994367361069        1.0320768550553371E-006
  0.53999994322657585        1.8504902721847008E-006
  0.55999994277954102        1.4308040122283273E-006
  0.57999994233250618        1.5628997649675586E-006
  0.59999994188547134        1.9770492620838360E-006
  0.61999994143843651        1.2735308065277328E-006
  0.63999994099140167        2.2533472348140928E-006
  0.65999994054436684        1.3620166113570117E-006
  0.67999994009733200        2.0211889314540224E-006
  0.69999993965029716        1.9178374316107366E-006
  0.71999993920326233        1.5165372768096918E-006
  0.73999993875622749        2.3523545953543493E-006
  0.75999993830919266        1.3764620576877592E-006
  0.77999993786215782        2.1153281650173844E-006
  0.79999993741512299        1.9080187667584251E-006
  0.81999993696808815        1.4749640322585441E-006
  0.83999993652105331        2.2973888931913812E-006
  0.85999993607401848        1.3714288788538499E-006
  0.87999993562698364        1.8625984512705232E-006
  0.89999993517994881        1.9669123841328023E-006
  0.91999993473291397        1.2183697949500076E-006
  0.93999993428587914        2.0440011503071943E-006
  0.95999993383884430        1.4945557704362193E-006
  0.97999993339180946        1.3206720480442801E-006
  0.99999993294477463        1.9483312092315268E-006
   1.0199999324977398        1.1427041349680101E-006
   1.0399999320507050        1.4269920337733471E-006
   1.0599999316036701        1.7269645735903977E-006
   1.0799999311566353        9.3364327822428556E-007
   1.0999999307096004        1.4530193606225227E-006
   1.1199999302625656        1.4883865662302282E-006
   1.1399999298155308        8.1042465842782108E-007
   1.1599999293684959        1.4081294196416764E-006
   1.1799999289214611        1.2889620368941966E-006
   1.1999999284744263        7.2468622700027712E-007
   1.2199999280273914        1.2985374895919577E-006
   1.2399999275803566        1.1682228313809887E-006
   1.2599999271333218        6.3851690856472537E-007
   1.2799999266862869        1.1510676685391302E-006
   1.2999999262392521        1.1128125357289936E-006
   1.3199999257922173        5.5463180372181386E-007
   1.3399999253451824        9.8268387903363737E-007
   1.3599999248981476        1.0811207057812534E-006
   1.3799999244511127        5.2327832924885996E-007
   1.3999999240040779        7.6818079487094957E-007
   1.4199999235570431        1.0498104538618173E-006
   1.4399999231100082        5.7474083831738758E-007
   1.4599999226629734        5.2591814158509560E-007
   1.4799999222159386        9.6639092893112986E-007
   1.4999999217689037        6.9439761539738932E-007
   1.5199999213218689        3.6445406597803955E-007
   1.5399999208748341        7.4769607409784533E-007
   1.5599999204277992        8.1957308651554316E-007
   1.5799999199807644        3.9155667365880856E-007
   1.5999999195337296        4.3357981036822046E-007
   1.6199999190866947        8.0135247241859503E-007
   1.6399999186396599        5.8437436035570526E-007
   1.6599999181926250        2.6729460409196108E-007
   1.6799999177455902        5.2572532950899817E-007
   1.6999999172985554        7.2126020603174409E-007
   1.7199999168515205        4.2314659198700429E-007
   1.7399999164044857        2.2946006816423064E-007
   1.7599999159574509        5.3957418534580199E-007
   1.7799999155104160        6.3328456697410966E-007
   1.7999999150633812        3.3740741527222479E-007
   1.8199999146163464        2.0550700688760284E-007
   1.8399999141693115        4.7811748319227375E-007
   1.8599999137222767        5.8793977420529536E-007
   1.8799999132752419        3.0841215428577830E-007
   1.8999999128282070        1.6587283205910055E-007
   1.9199999123811722        3.7794315001946635E-007
   1.9399999119341373        5.4713803411591924E-007
   1.9599999114871025        3.4664085414346024E-007
   1.9799999110400677        1.3492455841250760E-007
   1.9999999105930328        2.4973910128256377E-007
   2.0199999101459980        4.5390607525999626E-007
   2.0399999096989632        4.3229722237781635E-007
   2.0599999092519283        1.8018105862029606E-007
   2.0799999088048935        1.1876407551047461E-007
   2.0999999083578587        2.9365615348967225E-007
   2.1199999079108238        4.3750474659146061E-007
   2.1399999074637890        3.2425106586656876E-007
   2.1599999070167542        1.2444862352083570E-007
   2.1799999065697193        1.1036963621015220E-007
   2.1999999061226845        2.5902346566808837E-007
   2.2199999056756496        4.0249255673236942E-007
   2.2399999052286148        2.8367596895329158E-007
   2.2599999047815800        1.3305259767244790E-007
   2.2799999043345451        6.6098185464232180E-008
   2.2999999038875103        1.7968459604685336E-007
   2.3199999034404755        3.3462968319812682E-007
   2.3399999029934406        3.0075231285860084E-007
   2.3599999025464058        1.9439295679760589E-007
   2.3799999020993710        4.8846459668400703E-008
   2.3999999016523361        8.1028468722806228E-008
   2.4199999012053013        1.8365830958801223E-007
   2.4399999007582664        2.9709468894100800E-007
   2.4599999003112316        2.5940047794892835E-007
   2.4799998998641968        1.6279288225312790E-007
   2.4999998994171619        5.6934497268267916E-008
   2.5199998989701271        2.7424927543051589E-008
   2.5399998985230923        1.5042623986541813E-007
   2.5599998980760574        1.7888226139702601E-007
   2.5799998976290226        2.9141851503155067E-007
   2.5999998971819878        1.5671443183786666E-007
   2.6199998967349529        1.3823198678281720E-007
   2.6399998962879181        2.3914742925115634E-008
   2.6599998958408833        2.5737216010943699E-008
   2.6799998953938484        1.1213774237739049E-007
   2.6999998949468136        1.1281656003302693E-007
   2.7199998944997787        2.3898705174260405E-007
   2.7399998940527439        1.3146907972657016E-007
   2.7599998936057091        1.8182500313708750E-007
   2.7799998931586742        4.4474966181174195E-008
   2.7999998927116394        7.1607879790287642E-008
   2.8199998922646046        5.0667340284167795E-009
   2.8399998918175697        5.1436455334398563E-008
   2.8599998913705349        4.6299738364394567E-008
   2.8799998909235001        1.0081920850547961E-007
   2.8999998904764652        1.1601589309808233E-007
   2.9199998900294304        1.7907838650223480E-007
   2.9399998895823956        1.5827509446702840E-007
   2.9599998891353607        2.1499674931129961E-007
   2.9799998886883259        9.5800622153747588E-008
   2.9999998882412910        1.1107112524786146E-007
   3.0199998877942562        1.4840465921500655E-008
   3.0399998873472214        9.2075479706073151E-009
   3.0599998869001865        1.0437446532347946E-007
   3.0799998864531517        1.3915765544437850E-007
   3.0999998860061169        2.8061848226042407E-007
   3.1199998855590820        4.7310629025494963E-007
