  -2.0000000000000000        2.4451898123748699E-006
  -1.9800000004470348        3.0345356962741161E-007
  -1.9600000008940697        2.5503404154491782E-008
  -1.9400000013411045        1.4292122713204103E-006
  -1.9200000017881393        2.7075884198606933E-007
  -1.9000000022351742        1.9353475991508654E-006
  -1.8800000026822090        3.3197060996522022E-008
  -1.8600000031292439        7.7760202734840140E-007
  -1.8400000035762787        6.8582187046761872E-007
  -1.8200000040233135        1.3256824188965126E-006
  -1.8000000044703484        2.8142442111444149E-007
  -1.7800000049173832        2.8418814930253535E-007
  -1.7600000053644180        2.0841675722495376E-006
  -1.7400000058114529        5.4003871644484096E-008
  -1.7200000062584877        4.8385627350301827E-007
  -1.7000000067055225        1.8241772297373389E-007
  -1.6800000071525574        1.7939028838516803E-006
  -1.6600000075995922        7.8073532396424390E-007
  -1.6400000080466270        4.1872433413637768E-007
  -1.6200000084936619        5.0880628868660379E-007
  -1.6000000089406967        7.4294816156703754E-007
  -1.5800000093877316        8.4452458733102605E-007
  -1.5600000098347664        4.1321268056978214E-007
  -1.5400000102818012        1.9500009268364261E-006
  -1.5200000107288361        3.1340080911256974E-007
  -1.5000000111758709        4.3606617989628402E-007
  -1.4800000116229057        3.1508049964729733E-007
  -1.4600000120699406        1.5839413831908169E-006
  -1.4400000125169754        3.6388020393461716E-007
  -1.4200000129640102        1.0720233340689858E-006
  -1.4000000134110451        1.7909985341827464E-006
  -1.3800000138580799        9.9053927511863712E-008
  -1.3600000143051147        5.8653710230592144E-007
  -1.3400000147521496        7.6945343632350260E-007
  -1.3200000151991844        1.3214307584208925E-006
  -1.3000000156462193        3.1595825106895360E-008
  -1.2800000160932541        2.3182840022148292E-006
  -1.2600000165402889        8.2598238130974941E-007
  -1.2400000169873238        5.7539502690735417E-007
  -1.2200000174343586        1.2866416039183672E-006
  -1.2000000178813934        6.3407906696978864E-007
  -1.1800000183284283        3.9481355072138719E-007
  -1.1600000187754631        1.1885008568800120E-006
  -1.1400000192224979        1.5760985420798049E-006
  -1.1200000196695328        1.7466162720068995E-007
  -1.1000000201165676        2.6498524589377294E-006
  -1.0800000205636024        4.5509384618795085E-007
  -1.0600000210106373        1.2078885402068832E-006
  -1.0400000214576721        1.5336233908259564E-006
  -1.0200000219047070        5.6707504689152340E-007
  -1.0000000223517418        8.7003982276609457E-007
 -0.98000002279877663        1.3341967590918619E-006
 -0.96000002324581146        3.4523789660975899E-007
 -0.94000002369284630        8.0176990272675996E-007
 -0.92000002413988113        2.5004074379055672E-006
 -0.90000002458691597        4.6346803820935334E-007
 -0.88000002503395081        5.6163742672424726E-006
 -0.86000002548098564        1.0816634890615174E-006
 -0.84000002592802048        5.1056063026352502E-006
 -0.82000002637505531        1.4435761745912392E-006
 -0.80000002682209015        7.7363090391832431E-006
 -0.78000002726912498        1.3931579830840857E-005
 -0.76000002771615982        3.1091410525787102E-005
 -0.74000002816319466        4.8400937209103684E-005
 -0.72000002861022949        9.1431345626040591E-005
 -0.70000002905726433        1.7936554335894290E-004
 -0.68000002950429916        4.2709761284826425E-004
 -0.66000002995133400        8.0990419952462422E-004
 -0.64000003039836884        1.3929117169257162E-003
 -0.62000003084540367        1.7508593480823119E-003
 -0.60000003129243851        1.9418094720878353E-003
 -0.58000003173947334        2.2533948916800667E-003
 -0.56000003218650818        4.6104018568464845E-003
 -0.54000003263354301        1.2015911261472284E-002
 -0.52000003308057785        2.5477708752400220E-002
 -0.50000003352761269        4.2689834954896533E-002
 -0.48000003397464752        5.2874094121346998E-002
 -0.46000003442168236        4.8894292907311766E-002
 -0.44000003486871719        3.4626056781067359E-002
 -0.42000003531575203        4.4507981637477760E-002
 -0.40000003576278687       0.12639338716775070     
 -0.38000003620982170       0.30700928975510200     
 -0.36000003665685654       0.53408020525491384     
 -0.34000003710389137       0.67550457642171668     
 -0.32000003755092621       0.60035543473893915     
 -0.30000003799796104       0.33652968246711434     
 -0.28000003844499588       0.15823226451014855     
 -0.26000003889203072       0.46648938328602341     
 -0.24000003933906555        1.4624635654399434     
 -0.22000003978610039        2.8069767598086490     
 -0.20000004023313522        3.7011597999844770     
 -0.18000004068017006        3.3834963946288261     
 -0.16000004112720490        1.9261700089769784     
 -0.14000004157423973       0.42627855032090034     
 -0.12000004202127457       0.42360559570420614     
 -0.10000004246830940        2.6325783987287550     
  -8.0000042915344238E-002   6.0745547922423349     
  -6.0000043362379074E-002   8.5993155773872321     
  -4.0000043809413910E-002   8.2667756112658974     
  -2.0000044256448746E-002   5.2680164684999919     
  -4.4703483581542969E-008   1.5354531435644485     
   1.9999954849481583E-002   1.3761918003095020E-002
   3.9999954402446747E-002   3.3239652494256222E-005
   5.9999953955411911E-002   1.0859801472514631E-005
   7.9999953508377075E-002   3.0278128961725637E-006
   9.9999953061342239E-002   1.1105429775812903E-006
  0.11999995261430740        7.1399456000755133E-007
  0.13999995216727257        3.5266810160351276E-007
  0.15999995172023773        4.0504949703900292E-007
  0.17999995127320290        3.0894133976040191E-007
  0.19999995082616806        3.4825962085946572E-007
  0.21999995037913322        5.0399668538499554E-007
  0.23999994993209839        3.4546182388983365E-007
  0.25999994948506355        8.0957947056782263E-007
  0.27999994903802872        3.7286571403159692E-007
  0.29999994859099388        1.1088514861373950E-006
  0.31999994814395905        4.4988858128831726E-007
  0.33999994769692421        1.3021491579631219E-006
  0.35999994724988937        6.0689074153696112E-007
  0.37999994680285454        1.3401742668425694E-006
  0.39999994635581970        8.6745596069220556E-007
  0.41999994590878487        1.2394783182692924E-006
  0.43999994546175003        1.2218767444136570E-006
  0.45999994501471519        1.0772219643348621E-006
  0.47999994456768036        1.5884242095323754E-006
  0.49999994412064552        9.7072085990244144E-007
  0.51999994367361069        1.8118421507254748E-006
  0.53999994322657585        1.0525646354870836E-006
  0.55999994277954102        1.7695226773282477E-006
  0.57999994233250618        1.4061833330055012E-006
  0.59999994188547134        1.5126372064270107E-006
  0.61999994143843651        1.8968433022547631E-006
  0.63999994099140167        1.2730214239336046E-006
  0.65999994054436684        2.1416248909831705E-006
  0.67999994009733200        1.3590737065062870E-006
  0.69999993965029716        1.9221093251301276E-006
  0.71999993920326233        1.8526429969401339E-006
  0.73999993875622749        1.4882347656529118E-006
  0.75999993830919266        2.2385121252366336E-006
  0.77999993786215782        1.3747157379173701E-006
  0.79999993741512299        2.0101645691917123E-006
  0.81999993696808815        1.8458306568352171E-006
  0.83999993652105331        1.4555977786304389E-006
  0.85999993607401848        2.1909500413699804E-006
  0.87999993562698364        1.3617029780140180E-006
  0.89999993517994881        1.7915367404172160E-006
  0.91999993473291397        1.8955985617384474E-006
  0.93999993428587914        1.2258696953630346E-006
  0.95999993383884430        1.9640246478374050E-006
  0.97999993339180946        1.4493662288439681E-006
  0.99999993294477463        1.3234867896903881E-006
   1.0199999324977398        1.8755060953936989E-006
   1.0399999320507050        1.1250764653118338E-006
   1.0599999316036701        1.4278850334402853E-006
   1.0799999311566353        1.6490117349558566E-006
   1.0999999307096004        9.4977533866333257E-007
   1.1199999302625656        1.4436440428261713E-006
   1.1399999298155308        1.4175327282163031E-006
   1.1599999293684959        8.4607556203819813E-007
   1.1799999289214611        1.3918266400961491E-006
   1.1999999284744263        1.2284493107427576E-006
   1.2199999280273914        7.5981250569092886E-007
   1.2399999275803566        1.3051942840108903E-006
   1.2599999271333218        1.0913392945791758E-006
   1.2799999266862869        6.7746723550870397E-007
   1.2999999262392521        1.1836430517550602E-006
   1.3199999257922173        1.0192358144114499E-006
   1.3399999253451824        5.9409172944352034E-007
   1.3599999248981476        1.0281087685443713E-006
   1.3799999244511127        1.0040278797804702E-006
   1.3999999240040779        5.2022175227867112E-007
   1.4199999235570431        8.4936976946071668E-007
   1.4399999231100082        9.9909668457848299E-007
   1.4599999226629734        5.0469041865831261E-007
   1.4799999222159386        6.4595713345506620E-007
   1.4999999217689037        9.4973047280342863E-007
   1.5199999213218689        5.8894698924324412E-007
   1.5399999208748341        4.4112190142700533E-007
   1.5599999204277992        8.1603491952393947E-007
   1.5799999199807644        7.2637275747916909E-007
   1.5999999195337296        3.4285068215777478E-007
   1.6199999190866947        5.8130540747090021E-007
   1.6399999186396599        7.8245093478890745E-007
   1.6599999181926250        4.5423646673321439E-007
   1.6799999177455902        3.3051430864885675E-007
   1.6999999172985554        6.4283934373138087E-007
   1.7199999168515205        6.5281368873794444E-007
   1.7399999164044857        2.9516741998821028E-007
   1.7599999159574509        3.5708941446962304E-007
   1.7799999155104160        6.3672733925804842E-007
   1.7999999150633812        5.1867307260260576E-007
   1.8199999146163464        2.3464056527791191E-007
   1.8399999141693115        3.4191789237178019E-007
   1.8599999137222767        5.9417214722118819E-007
   1.8799999132752419        4.4582485291208701E-007
   1.8999999128282070        1.9793399380869545E-007
   1.9199999123811722        3.0118683296447635E-007
   1.9399999119341373        5.1302126737816915E-007
   1.9599999114871025        4.4742387634558065E-007
   1.9799999110400677        1.8171885189831862E-007
   1.9999999105930328        2.1661764740356528E-007
   2.0199999101459980        4.2825719730528554E-007
   2.0399999096989632        4.5227509503437812E-007
   2.0599999092519283        2.3403196020032523E-007
   2.0799999088048935        1.2416061057516040E-007
   2.0999999083578587        3.0591004576932691E-007
   2.1199999079108238        4.1679184686026502E-007
   2.1399999074637890        3.3974184460645072E-007
   2.1599999070167542        1.3041310992562269E-007
   2.1799999065697193        1.3206245197480983E-007
   2.1999999061226845        3.1816688433588660E-007
   2.2199999056756496        3.6604844303483057E-007
   2.2399999052286148        2.7830211381225111E-007
   2.2599999047815800        9.3646141811391706E-008
   2.2799999043345451        1.1846235488495242E-007
   2.2999999038875103        2.6215118352074474E-007
   2.3199999034404755        3.3138914476309227E-007
   2.3399999029934406        2.6846756022758035E-007
   2.3599999025464058        1.0115042855762518E-007
   2.3799999020993710        8.3309551945847039E-008
   2.3999999016523361        1.5481419510591297E-007
   2.4199999012053013        2.8898753432081383E-007
   2.4399999007582664        2.6914200075893304E-007
   2.4599999003112316        1.7763286290651802E-007
   2.4799998998641968        7.7022228812478880E-008
   2.4999998994171619        4.6521137991795395E-008
   2.5199998989701271        1.7979607933646126E-007
   2.5399998985230923        1.9629275715126078E-007
   2.5599998980760574        2.7298264617709814E-007
   2.5799998976290226        1.4147054738756454E-007
   2.5999998971819878        9.4059694719850604E-008
   2.6199998967349529        5.2729700476836172E-008
   2.6399998962879181        4.7289686199333330E-008
   2.6599998958408833        1.8728773923832334E-007
   2.6799998953938484        1.3371543985785671E-007
   2.6999998949468136        2.6204106402759488E-007
   2.7199998944997787        1.0785102272985325E-007
   2.7399998940527439        1.4307480616871638E-007
   2.7599998936057091        1.8860744373125574E-008
   2.7799998931586742        1.8614176433340610E-008
   2.7999998927116394        9.7696792164674869E-008
   2.8199998922646046        1.0158721974081886E-007
   2.8399998918175697        3.1872501059884578E-007
   2.8599998913705349        2.2107249194246163E-007
   2.8799998909235001        2.8179170417959102E-007
   2.8999998904764652        1.0219135767412301E-007
   2.9199998900294304        2.2165341945020792E-008
   2.9399998895823956        3.1796352896569362E-008
   2.9599998891353607        1.1831396854830276E-007
   2.9799998886883259        1.9912129215995804E-007
   2.9999998882412910        3.4145601537674637E-007
   3.0199998877942562        1.7954624757283868E-007
   3.0399998873472214        1.6642943980487224E-007
   3.0599998869001865        1.3138027667214831E-008
   3.0799998864531517        3.4841031852123054E-008
   3.0999998860061169        1.5609103138393383E-007
   3.1199998855590820        6.0125223516170179E-007
