  -2.0000000000000000        1.5251417512729716E-006
  -1.9800000004470348        9.6118337384530345E-007
  -1.9600000008940697        1.3827688923636773E-006
  -1.9400000013411045        2.5361056230702878E-007
  -1.9200000017881393        2.6039833335708247E-008
  -1.9000000022351742        2.1872320904238931E-006
  -1.8800000026822090        4.5769213186176614E-008
  -1.8600000031292439        1.0463296126251206E-006
  -1.8400000035762787        9.6724737646378862E-008
  -1.8200000040233135        1.2989333218101396E-006
  -1.8000000044703484        6.4060876462631012E-007
  -1.7800000049173832        8.6448000068040677E-007
  -1.7600000053644180        7.3279615683633108E-009
  -1.7400000058114529        8.8586543070074403E-007
  -1.7200000062584877        1.3205598820433720E-006
  -1.7000000067055225        2.9100312864272300E-007
  -1.6800000071525574        4.4912041008483881E-007
  -1.6600000075995922        6.5106539133197988E-007
  -1.6400000080466270        9.8227368394427597E-007
  -1.6200000084936619        9.2369766557982541E-008
  -1.6000000089406967        1.6377241607360055E-006
  -1.5800000093877316        2.3029621193343122E-007
  -1.5600000098347664        5.3645322272946330E-007
  -1.5400000102818012        9.4811408086214771E-008
  -1.5200000107288361        1.7365250163221882E-006
  -1.5000000111758709        3.4208207772682195E-007
  -1.4800000116229057        7.7925768738909245E-007
  -1.4600000120699406        9.1543777851951589E-007
  -1.4400000125169754        5.1124873667405383E-007
  -1.4200000129640102        3.1360856693849938E-007
  -1.4000000134110451        9.8019384494769589E-007
  -1.3800000138580799        1.5015361101726826E-006
  -1.3600000143051147        1.0098290588306357E-007
  -1.3400000147521496        1.5278506775013261E-006
  -1.3200000151991844        3.9628876376737466E-007
  -1.3000000156462193        6.8866975104685652E-007
  -1.2800000160932541        3.5691013552543751E-007
  -1.2600000165402889        1.8599740793323631E-006
  -1.2400000169873238        9.0802275371903288E-008
  -1.2200000174343586        1.7066111589121542E-006
  -1.2000000178813934        9.2075452294771184E-007
  -1.1800000183284283        5.6954199423166180E-007
  -1.1600000187754631        8.6665797170791446E-007
  -1.1400000192224979        1.0235890765425483E-006
  -1.1200000196695328        4.3570845358466653E-007
  -1.1000000201165676        1.3193160836135329E-006
  -1.0800000205636024        1.5528200223126691E-006
  -1.0600000210106373        3.9483584720823053E-007
  -1.0400000214576721        2.3107282309392857E-006
  -1.0200000219047070        2.6431718637787197E-007
  -1.0000000223517418        1.2515916224071390E-006
 -0.98000002279877663        6.5036284373389544E-007
 -0.96000002324581146        7.0225076438685281E-007
 -0.94000002369284630        4.9797527105298563E-007
 -0.92000002413988113        2.4851077948812982E-006
 -0.90000002458691597        6.9867579811833491E-007
 -0.88000002503395081        4.1671241914401459E-006
 -0.86000002548098564        4.8372377510052987E-007
 -0.84000002592802048        3.0060878633174362E-006
 -0.82000002637505531        1.9320655815574778E-006
 -0.80000002682209015        7.6224258385649659E-006
 -0.78000002726912498        1.4658491355607592E-005
 -0.76000002771615982        2.2379053267001707E-005
 -0.74000002816319466        3.4536146794641529E-005
 -0.72000002861022949        7.3353442394895376E-005
 -0.70000002905726433        1.8634720748479761E-004
 -0.68000002950429916        4.6809899197627436E-004
 -0.66000002995133400        8.4990563483306933E-004
 -0.64000003039836884        1.2798683930950528E-003
 -0.62000003084540367        1.3145996655875177E-003
 -0.60000003129243851        1.0960843059088351E-003
 -0.58000003173947334        1.4665269387241721E-003
 -0.56000003218650818        4.6061242217337742E-003
 -0.54000003263354301        1.3541212495382841E-002
 -0.52000003308057785        2.7510684448711749E-002
 -0.50000003352761269        4.2111094142760042E-002
 -0.48000003397464752        4.5414439949722864E-002
 -0.46000003442168236        3.3217163807387193E-002
 -0.44000003486871719        1.7253516197273503E-002
 -0.42000003531575203        3.7918755260658049E-002
 -0.40000003576278687       0.14177257991697217     
 -0.38000003620982170       0.33678234067782464     
 -0.36000003665685654       0.54970737693535954     
 -0.34000003710389137       0.63817960853565259     
 -0.32000003755092621       0.49920121493612346     
 -0.30000003799796104       0.21164579945946388     
 -0.28000003844499588        9.0438281111110061E-002
 -0.26000003889203072       0.51885361504346383     
 -0.24000003933906555        1.6128529022777087     
 -0.22000003978610039        2.9445536565816530     
 -0.20000004023313522        3.6921360621670556     
 -0.18000004068017006        3.1918142467773483     
 -0.16000004112720490        1.6529298186276398     
 -0.14000004157423973       0.25403857882344494     
 -0.12000004202127457       0.46946713346131136     
 -0.10000004246830940        2.8596173064033565     
  -8.0000042915344238E-002   6.3303470863519440     
  -6.0000043362379074E-002   8.7428467745256331     
  -4.0000043809413910E-002   8.2795597808329013     
  -2.0000044256448746E-002   5.2256170927665568     
  -4.4703483581542969E-008   1.5154990460020796     
   1.9999954849481583E-002   1.3604443759720601E-002
   3.9999954402446747E-002   3.1500291503921472E-005
   5.9999953955411911E-002   1.1942721903292021E-005
   7.9999953508377075E-002   2.5710608656793476E-006
   9.9999953061342239E-002   1.5124568257773523E-006
  0.11999995261430740        4.4141091560987644E-007
  0.13999995216727257        6.3716293862750481E-007
  0.15999995172023773        1.6313626777346636E-007
  0.17999995127320290        5.0419592386389823E-007
  0.19999995082616806        2.0321551624801048E-007
  0.21999995037913322        5.0642383386861099E-007
  0.23999994993209839        4.2609120816086740E-007
  0.25999994948506355        5.0573078801159637E-007
  0.27999994903802872        7.6909231068243351E-007
  0.29999994859099388        4.7708372024293612E-007
  0.31999994814395905        1.1300066063358293E-006
  0.33999994769692421        4.6851607767609638E-007
  0.35999994724988937        1.3897743179053161E-006
  0.37999994680285454        5.5124630668435472E-007
  0.39999994635581970        1.4661232932358120E-006
  0.41999994590878487        7.7276246101519114E-007
  0.43999994546175003        1.3542451964577423E-006
  0.45999994501471519        1.1315296752114013E-006
  0.47999994456768036        1.1362018352635257E-006
  0.49999994412064552        1.5472031310971316E-006
  0.51999994367361069        9.5405735555749453E-007
  0.53999994322657585        1.8432571678879965E-006
  0.55999994277954102        9.6544928526120893E-007
  0.57999994233250618        1.8432155609034304E-006
  0.59999994188547134        1.2829943400952470E-006
  0.61999994143843651        1.5583873095742178E-006
  0.63999994099140167        1.8144962460679794E-006
  0.65999994054436684        1.2378353387388276E-006
  0.67999994009733200        2.1568129117604426E-006
  0.69999993965029716        1.2358522591499706E-006
  0.71999993920326233        1.9785510249777367E-006
  0.73999993875622749        1.7191616659462249E-006
  0.75999993830919266        1.4831957311296671E-006
  0.77999993786215782        2.2173783981702286E-006
  0.79999993741512299        1.2600505713146532E-006
  0.81999993696808815        2.0681010097389425E-006
  0.83999993652105331        1.7072308707612572E-006
  0.85999993607401848        1.4549020030405316E-006
  0.87999993562698364        2.1887712724791056E-006
  0.89999993517994881        1.2358820135139332E-006
  0.91999993473291397        1.8576187012467436E-006
  0.93999993428587914        1.7960954959197703E-006
  0.95999993383884430        1.1915808094705053E-006
  0.97999993339180946        2.0243852408177615E-006
  0.99999993294477463        1.3086505144700860E-006
   1.0199999324977398        1.3702513406747893E-006
   1.0399999320507050        1.8867551678343950E-006
   1.0599999316036701        1.0050552385857359E-006
   1.0799999311566353        1.5276621204423490E-006
   1.0999999307096004        1.5931214795760308E-006
   1.1199999302625656        8.8313170746437543E-007
   1.1399999298155308        1.5699181562009719E-006
   1.1599999293684959        1.3046467034235301E-006
   1.1799999289214611        8.4056884903368546E-007
   1.1999999284744263        1.5106190395043697E-006
   1.2199999280273914        1.0956020068523775E-006
   1.2399999275803566        7.9603459800416361E-007
   1.2599999271333218        1.4063312023081339E-006
   1.2799999266862869        9.6566599088886812E-007
   1.2999999262392521        7.1692907375973951E-007
   1.3199999257922173        1.2974349367294590E-006
   1.3399999253451824        8.9431560276344436E-007
   1.3599999248981476        6.1235970062858006E-007
   1.3799999244511127        1.1795079489554594E-006
   1.3999999240040779        8.7586953775779197E-007
   1.4199999235570431        5.0827433301157018E-007
   1.4399999231100082        1.0232306662281151E-006
   1.4599999226629734        9.0962242475192033E-007
   1.4799999222159386        4.3474604636529397E-007
   1.4999999217689037        8.1284863259236295E-007
   1.5199999213218689        9.5988566429253511E-007
   1.5399999208748341        4.3660540104003992E-007
   1.5599999204277992        5.6823667980659801E-007
   1.5799999199807644        9.4141557686689255E-007
   1.5999999195337296        5.5344246255970142E-007
   1.6199999190866947        3.5961082099436076E-007
   1.6399999186396599        7.7266632993099124E-007
   1.6599999181926250        7.3223048988152605E-007
   1.6799999177455902        3.1057288143071131E-007
   1.6999999172985554        4.7428780407779163E-007
   1.7199999168515205        7.8872001537130551E-007
   1.7399999164044857        4.8312674606037218E-007
   1.7599999159574509        2.4527799659595488E-007
   1.7799999155104160        5.7392984073523948E-007
   1.7999999150633812        6.7643553512606597E-007
   1.8199999146163464        3.3711190250688812E-007
   1.8399999141693115        2.4504969621620156E-007
   1.8599999137222767        5.7193610522647975E-007
   1.8799999132752419        5.9498373186004314E-007
   1.8999999128282070        2.4979984170889207E-007
   1.9199999123811722        2.3800797075522751E-007
   1.9399999119341373        5.1802705456583849E-007
   1.9599999114871025        5.4609413393755605E-007
   1.9799999110400677        2.3266039160427313E-007
   1.9999999105930328        1.7483851378293376E-007
   2.0199999101459980        4.5647087805006533E-007
   2.0399999096989632        5.0291501718405024E-007
   2.0599999092519283        2.7667986917769096E-007
   2.0799999088048935        1.2280789665864921E-007
   2.0999999083578587        3.1028380378472936E-007
   2.1199999079108238        4.9671913202308355E-007
   2.1399999074637890        3.3497681004728638E-007
   2.1599999070167542        1.3202120736047790E-007
   2.1799999065697193        1.5943758027908985E-007
   2.1999999061226845        3.7235869905015692E-007
   2.2199999056756496        4.2573575118357892E-007
   2.2399999052286148        2.2390443996948553E-007
   2.2599999047815800        9.2791135559521179E-008
   2.2799999043345451        1.6582666063588730E-007
   2.2999999038875103        3.6126750434828746E-007
   2.3199999034404755        3.6011147105448365E-007
   2.3399999029934406        1.9755096298512093E-007
   2.3599999025464058        7.8531334625006644E-008
   2.3799999020993710        1.1477173071887390E-007
   2.3999999016523361        3.0785975090445394E-007
   2.4199999012053013        3.1489302118303189E-007
   2.4399999007582664        2.4258855877437606E-007
   2.4599999003112316        8.7101525870720057E-008
   2.4799998998641968        4.6123170683697635E-008
   2.4999998994171619        1.9881857127165975E-007
   2.5199998989701271        2.3623335507847256E-007
   2.5399998985230923        3.2197529934527008E-007
   2.5599998980760574        1.5874150797311684E-007
   2.5799998976290226        7.8287380882243968E-008
   2.5999998971819878        5.7163527357730746E-008
   2.6199998967349529        7.8485511551035330E-008
   2.6399998962879181        2.9792865876290423E-007
   2.6599998958408833        2.4057968686729834E-007
   2.6799998953938484        3.2451550098285540E-007
   2.6999998949468136        7.8237163972801587E-008
   2.7199998944997787        2.6313329251947089E-008
   2.7399998940527439        8.0213437756435801E-008
   2.7599998936057091        1.4007003600145140E-007
   2.7799998931586742        4.7441994072408450E-007
   2.7999998927116394        2.9810915896577816E-007
   2.8199998922646046        3.2731748216064638E-007
   2.8399998918175697        3.8614591792249031E-008
   2.8599998913705349        1.3731354600002376E-010
   2.8799998909235001        1.4123086972740236E-007
   2.8999998904764652        2.0634497378061280E-007
   2.9199998900294304        2.7640033876054291E-007
   2.9399998895823956        1.6567914715629848E-007
   2.9599998891353607        7.4741343566100938E-008
   2.9799998886883259        4.1304427272841976E-008
   2.9999998882412910        1.3594014909000103E-007
   3.0199998877942562        1.0074727910278127E-007
   3.0399998873472214        5.2164634016810679E-008
   3.0599998869001865        1.7493532540720125E-008
   3.0799998864531517        9.7600872299798484E-008
   3.0999998860061169        1.8253084257249026E-007
   3.1199998855590820        4.6965859704445640E-007
