  -2.0000000000000000        5.0629026080383941E-007
  -1.9800000004470348        2.1054548198728147E-007
  -1.9600000008940697        1.3711596306973014E-006
  -1.9400000013411045        1.9746752567125067E-006
  -1.9200000017881393        5.1013375894742674E-007
  -1.9000000022351742        2.2869403598505364E-010
  -1.8800000026822090        3.7390723793722171E-007
  -1.8600000031292439        2.9100160903769600E-006
  -1.8400000035762787        8.2256452591321354E-008
  -1.8200000040233135        2.1165665161776390E-007
  -1.8000000044703484        8.6401536612383066E-007
  -1.7800000049173832        1.6672634276257012E-006
  -1.7600000053644180        2.9466285335411429E-007
  -1.7400000058114529        1.1346993934088917E-006
  -1.7200000062584877        5.3714391584072135E-007
  -1.7000000067055225        9.5500070521235019E-007
  -1.6800000071525574        9.4214172158670964E-008
  -1.6600000075995922        2.1054544778187424E-006
  -1.6400000080466270        5.4330678021228020E-007
  -1.6200000084936619        3.8337117503040276E-007
  -1.6000000089406967        8.3508748284067808E-008
  -1.5800000093877316        1.8506105233794607E-006
  -1.5600000098347664        9.7239615192360760E-007
  -1.5400000102818012        4.6782864810082291E-007
  -1.5200000107288361        9.0527484678871130E-007
  -1.5000000111758709        7.2041490902733290E-007
  -1.4800000116229057        3.3191313541492259E-007
  -1.4600000120699406        1.2271199489896265E-006
  -1.4400000125169754        1.8710139563194460E-006
  -1.4200000129640102        2.6708080396581679E-008
  -1.4000000134110451        9.6016037968722651E-007
  -1.3800000138580799        8.2537559663938553E-007
  -1.3600000143051147        7.8928703693917869E-007
  -1.3400000147521496        5.1993185489466248E-007
  -1.3200000151991844        2.5445860519902460E-006
  -1.3000000156462193        6.7657288455992412E-008
  -1.2800000160932541        1.1765460392833178E-006
  -1.2600000165402889        8.0170925892117015E-007
  -1.2400000169873238        8.2221589076963624E-007
  -1.2200000174343586        3.0122511066539044E-007
  -1.2000000178813934        2.5728566075952204E-006
  -1.1800000183284283        1.5027889881252831E-007
  -1.1600000187754631        1.8477418659846824E-006
  -1.1400000192224979        1.1065868512003641E-006
  -1.1200000196695328        4.8865941830370455E-007
  -1.1000000201165676        7.8417144107287998E-007
  -1.0800000205636024        1.7291153269060517E-006
  -1.0600000210106373        1.1387102315475881E-007
  -1.0400000214576721        2.4698188839028419E-006
  -1.0200000219047070        9.9777999322909611E-007
  -1.0000000223517418        9.5857432893420266E-007
 -0.98000002279877663        1.6992954915990308E-006
 -0.96000002324581146        2.5565424083106618E-007
 -0.94000002369284630        1.1961028991331996E-006
 -0.92000002413988113        1.9372992417202090E-006
 -0.90000002458691597        7.1284774345280131E-007
 -0.88000002503395081        2.7581004127780435E-006
 -0.86000002548098564        2.8676780379701301E-008
 -0.84000002592802048        2.7807051287734837E-006
 -0.82000002637505531        2.8030883765897218E-006
 -0.80000002682209015        9.3510324104256624E-006
 -0.78000002726912498        1.1462291977434931E-005
 -0.76000002771615982        1.2784352364571689E-005
 -0.74000002816319466        2.3906463692788858E-005
 -0.72000002861022949        7.4356292813476459E-005
 -0.70000002905726433        2.3588676566346718E-004
 -0.68000002950429916        5.4990451931158780E-004
 -0.66000002995133400        9.0136457452617694E-004
 -0.64000003039836884        1.1213496128150314E-003
 -0.62000003084540367        8.3015349278163584E-004
 -0.60000003129243851        4.0969351026176831E-004
 -0.58000003173947334        1.2898829433376413E-003
 -0.56000003218650818        5.7391469324921144E-003
 -0.54000003263354301        1.6379855169418735E-002
 -0.52000003308057785        3.0197648201328007E-002
 -0.50000003352761269        4.1119177629192441E-002
 -0.48000003397464752        3.7192067714349387E-002
 -0.46000003442168236        1.9059783081828763E-002
 -0.44000003486871719        6.4796351870800338E-003
 -0.42000003531575203        4.3827669784116216E-002
 -0.40000003576278687       0.17102067619624650     
 -0.38000003620982170       0.37564479653340827     
 -0.36000003665685654       0.56406836884517231     
 -0.34000003710389137       0.59555591239299455     
 -0.32000003755092621       0.40063300122483808     
 -0.30000003799796104       0.11184195031662095     
 -0.28000003844499588        6.9752639467155417E-002
 -0.26000003889203072       0.62131608560282225     
 -0.24000003933906555        1.7931012230382870     
 -0.22000003978610039        3.0745729803960269     
 -0.20000004023313522        3.6563515417481329     
 -0.18000004068017006        2.9792588710341561     
 -0.16000004112720490        1.3946774973246010     
 -0.14000004157423973       0.12584252795087289     
 -0.12000004202127457       0.55883407050652723     
 -0.10000004246830940        3.0959511783370481     
  -8.0000042915344238E-002   6.5430037025150360     
  -6.0000043362379074E-002   8.8130404094026566     
  -4.0000043809413910E-002   8.2170026636233366     
  -2.0000044256448746E-002   5.1375921136320608     
  -4.4703483581542969E-008   1.4820977325887466     
   1.9999954849481583E-002   1.3224467202625295E-002
   3.9999954402446747E-002   3.3068093141543404E-005
   5.9999953955411911E-002   9.4949314784933446E-006
   7.9999953508377075E-002   3.4365126409929993E-006
   9.9999953061342239E-002   7.2860474023389993E-007
  0.11999995261430740        9.3358933216716354E-007
  0.13999995216727257        1.3097422746306809E-007
  0.15999995172023773        5.5759648196840208E-007
  0.17999995127320290        5.0352458305759763E-008
  0.19999995082616806        5.2047898399371134E-007
  0.21999995037913322        1.3207712727717743E-007
  0.23999994993209839        5.7425500353559163E-007
  0.25999994948506355        3.4110294577556935E-007
  0.27999994903802872        6.2475401894536754E-007
  0.29999994859099388        6.4666244284597883E-007
  0.31999994814395905        6.2555699112013938E-007
  0.33999994769692421        9.9411285182353399E-007
  0.35999994724988937        5.9328123459224661E-007
  0.37999994680285454        1.2942682760118620E-006
  0.39999994635581970        6.0475140441944544E-007
  0.41999994590878487        1.4455428870631613E-006
  0.43999994546175003        7.4157376451941536E-007
  0.45999994501471519        1.3979226180089041E-006
  0.47999994456768036        1.0311122446004054E-006
  0.49999994412064552        1.2086771788451464E-006
  0.51999994367361069        1.4120493548803513E-006
  0.53999994322657585        1.0227343283637343E-006
  0.55999994277954102        1.7223878232625772E-006
  0.57999994233250618        9.9351888446480848E-007
  0.59999994188547134        1.7823763078275014E-006
  0.61999994143843651        1.2203998290025594E-006
  0.63999994099140167        1.5741213147906177E-006
  0.65999994054436684        1.6574605026675343E-006
  0.67999994009733200        1.2994132715170524E-006
  0.69999993965029716        2.0001977204977315E-006
  0.71999993920326233        1.2433913569627614E-006
  0.73999993875622749        1.9252555621378758E-006
  0.75999993830919266        1.5825438948944527E-006
  0.77999993786215782        1.5368706668525204E-006
  0.79999993741512299        2.0305923257686329E-006
  0.81999993696808815        1.2897615980491020E-006
  0.83999993652105331        2.0004778604618340E-006
  0.85999993607401848        1.5682697859931545E-006
  0.87999993562698364        1.5221114493028413E-006
  0.89999993517994881        2.0098203889639269E-006
  0.91999993473291397        1.2465383395920960E-006
  0.93999993428587914        1.8395358797770639E-006
  0.95999993383884430        1.6240246359307310E-006
  0.97999993339180946        1.2818276765583128E-006
  0.99999993294477463        1.9057800753535868E-006
   1.0199999324977398        1.2357033438652355E-006
   1.0399999320507050        1.4448679015423409E-006
   1.0599999316036701        1.7193666042605979E-006
   1.0799999311566353        1.0317701710519974E-006
   1.0999999307096004        1.5456358778189965E-006
   1.1199999302625656        1.4336820308835176E-006
   1.1399999298155308        9.6490175060003715E-007
   1.1599999293684959        1.5439353588218912E-006
   1.1799999289214611        1.1691214751305284E-006
   1.1999999284744263        9.4209175538204066E-007
   1.2199999280273914        1.4707002946018476E-006
   1.2399999275803566        9.6947848597711368E-007
   1.2599999271333218        9.1161746533887292E-007
   1.2799999266862869        1.3632547579566255E-006
   1.2999999262392521        8.3659289248906752E-007
   1.3199999257922173        8.5334529715160242E-007
   1.3399999253451824        1.2484399737736198E-006
   1.3599999248981476        7.6195689362596262E-007
   1.3799999244511127        7.5909426940112784E-007
   1.3999999240040779        1.1413527418246435E-006
   1.4199999235570431        7.3679067805561930E-007
   1.4399999231100082        6.3399486339351233E-007
   1.4599999226629734        1.0385059492456234E-006
   1.4799999222159386        7.5244313179084391E-007
   1.4999999217689037        5.0520952674919205E-007
   1.5199999213218689        9.1414628594505789E-007
   1.5399999208748341        7.9553026396024899E-007
   1.5599999204277992        4.2155163334565044E-007
   1.5799999199807644        7.3767592130901048E-007
   1.5999999195337296        8.3295651996640280E-007
   1.6199999190866947        4.3577287274885201E-007
   1.6399999186396599        5.1529772765787480E-007
   1.6599999181926250        8.0268586190308113E-007
   1.6799999177455902        5.5631304008249746E-007
   1.6999999172985554        3.3307355165383052E-007
   1.7199999168515205        6.4751614451910124E-007
   1.7399999164044857        6.8544458729350347E-007
   1.7599999159574509        3.3166035601777140E-007
   1.7799999155104160        3.9922526007602080E-007
   1.7999999150633812        6.5742007292004974E-007
   1.8199999146163464        5.1987305576582385E-007
   1.8399999141693115        2.5141242061303072E-007
   1.8599999137222767        4.2592072831329984E-007
   1.8799999132752419        6.2837348209484751E-007
   1.8999999128282070        3.8419064894113203E-007
   1.9199999123811722        2.1910695021907179E-007
   1.9399999119341373        4.3333312794910687E-007
   1.9599999114871025        5.4620973361227046E-007
   1.9799999110400677        3.4422278624633242E-007
   1.9999999105930328        1.8075084865729792E-007
   2.0199999101459980        3.8074829510419667E-007
   2.0399999096989632        5.1060375970518543E-007
   2.0599999092519283        3.1792397341868303E-007
   2.0799999088048935        1.6666049465943355E-007
   2.0999999083578587        2.8557513515403360E-007
   2.1199999079108238        4.6143479129949755E-007
   2.1399999074637890        3.5604390429266426E-007
   2.1599999070167542        1.4860809477162621E-007
   2.1799999065697193        2.0101533760260461E-007
   2.1999999061226845        3.5215118885661030E-007
   2.2199999056756496        4.0338083682282439E-007
   2.2399999052286148        2.1679579540949160E-007
   2.2599999047815800        1.0365341838753355E-007
   2.2799999043345451        2.4000082031092228E-007
   2.2999999038875103        3.3372141034787985E-007
   2.3199999034404755        3.4033245981281769E-007
   2.3399999029934406        1.5651157544132842E-007
   2.3599999025464058        8.5021526870792069E-008
   2.3799999020993710        2.2227339516348360E-007
   2.3999999016523361        2.8451107767557684E-007
   2.4199999012053013        3.3181504372145315E-007
   2.4399999007582664        1.5187457543453780E-007
   2.4599999003112316        6.4545354173940122E-008
   2.4799998998641968        1.5258992656923855E-007
   2.4999998994171619        2.2142795280511853E-007
   2.5199998989701271        3.8029603915379108E-007
   2.5399998985230923        2.0330937029163972E-007
   2.5599998980760574        9.4643520001145390E-008
   2.5799998976290226        5.5477070241830153E-008
   2.5999998971819878        1.3286868026290188E-007
   2.6199998967349529        4.3462620010523093E-007
   2.6399998962879181        2.9631067512977789E-007
   2.6599998958408833        2.4508699439294619E-007
   2.6799998953938484        4.9134295117597161E-009
   2.6999998949468136        3.3954358497936553E-008
   2.7199998944997787        3.6069827568771154E-007
   2.7399998940527439        2.9578837499501512E-007
   2.7599998936057091        3.6133695664677848E-007
   2.7799998931586742        3.9834334937938011E-008
   2.7999998927116394        2.6377566406906879E-008
   2.8199998922646046        1.2449932059277465E-007
   2.8399998918175697        1.3864649570217706E-007
   2.8599998913705349        1.4079149009223975E-007
   2.8799998909235001        3.2985971488772205E-008
   2.8999998904764652        1.9007495769842315E-007
   2.9199998900294304        1.8349389353342609E-007
   2.9399998895823956        2.9103508660494051E-007
   2.9599998891353607        5.6338861447029861E-008
   2.9799998886883259        1.1463849356350678E-009
   2.9999998882412910        1.6287718000591806E-007
   3.0199998877942562        3.2296475593731228E-007
   3.0399998873472214        2.9918585754082834E-007
   3.0599998869001865        1.9265679164003304E-007
   3.0799998864531517        1.3700108906372294E-008
   3.0999998860061169        8.9608157007431250E-008
   3.1199998855590820        2.2436859987633107E-007
