  -2.0000000000000000        3.9903472107007907E-006
  -1.9800000004470348        2.9199949353945944E-007
  -1.9600000008940697        1.0020378540551680E-007
  -1.9400000013411045        5.3238621135311113E-007
  -1.9200000017881393        1.3773233247971804E-006
  -1.9000000022351742        1.4457949603028479E-006
  -1.8800000026822090        6.5204758128079902E-007
  -1.8600000031292439        3.0162714108741426E-007
  -1.8400000035762787        4.5531937110078985E-007
  -1.8200000040233135        1.5250825810146194E-006
  -1.8000000044703484        1.0010645540885810E-006
  -1.7800000049173832        3.9258172334750611E-007
  -1.7600000053644180        7.8875844281420141E-007
  -1.7400000058114529        5.3621079315036023E-007
  -1.7200000062584877        7.5612357380108714E-007
  -1.7000000067055225        1.5787953495939738E-006
  -1.6800000071525574        3.6650635116979322E-007
  -1.6600000075995922        1.8990939516392937E-007
  -1.6400000080466270        5.9867759149109362E-007
  -1.6200000084936619        1.9852084429968443E-006
  -1.6000000089406967        9.9754457054333191E-008
  -1.5800000093877316        6.4345226036688851E-007
  -1.5600000098347664        6.0811051540684525E-007
  -1.5400000102818012        1.0222355080028951E-006
  -1.5200000107288361        3.5563502654206761E-007
  -1.5000000111758709        1.7701947613817772E-006
  -1.4800000116229057        1.5536657953757999E-007
  -1.4600000120699406        5.9001219503139363E-007
  -1.4400000125169754        5.7227330882312148E-007
  -1.4200000129640102        1.5767961525300509E-006
  -1.4000000134110451        9.9004179412566235E-008
  -1.3800000138580799        1.7959842960654126E-006
  -1.3600000143051147        2.9097192430865553E-007
  -1.3400000147521496        6.4927035001700958E-007
  -1.3200000151991844        5.7920674028932972E-007
  -1.3000000156462193        1.7760502644349116E-006
  -1.2800000160932541        4.5848473268733633E-008
  -1.2600000165402889        2.0127774576535370E-006
  -1.2400000169873238        3.3442500759194856E-007
  -1.2200000174343586        8.0422829262210239E-007
  -1.2000000178813934        6.5432427602853516E-007
  -1.1800000183284283        1.5139325587390815E-006
  -1.1600000187754631        1.4931825016948655E-007
  -1.1400000192224979        2.4322293371360345E-006
  -1.1200000196695328        2.0284456662949260E-007
  -1.1000000201165676        1.3713125140811669E-006
  -1.0800000205636024        7.8030382705502991E-007
  -1.0600000210106373        9.4407771255959447E-007
  -1.0400000214576721        5.4002880359370244E-007
  -1.0200000219047070        1.9395107838428770E-006
  -1.0000000223517418        3.2947621244834212E-008
 -0.98000002279877663        2.1618047726701396E-006
 -0.96000002324581146        5.1186554228396458E-007
 -0.94000002369284630        1.4657641276777377E-006
 -0.92000002413988113        1.1629876192357488E-006
 -0.90000002458691597        8.8922655238410526E-007
 -0.88000002503395081        6.9312078991369910E-007
 -0.86000002548098564        2.5801420471628089E-008
 -0.84000002592802048        3.4384868538945674E-006
 -0.82000002637505531        2.9821632070787775E-006
 -0.80000002682209015        1.0308573281030779E-005
 -0.78000002726912498        5.3286766347258116E-006
 -0.76000002771615982        3.8609385416917884E-006
 -0.74000002816319466        2.5846832806493814E-005
 -0.72000002861022949        1.0975088216498983E-004
 -0.70000002905726433        3.2855860320612509E-004
 -0.68000002950429916        6.7331460135053366E-004
 -0.66000002995133400        9.3008829985699083E-004
 -0.64000003039836884        9.2045411222078173E-004
 -0.62000003084540367        3.6933494610218609E-004
 -0.60000003129243851        8.6631806652063035E-005
 -0.58000003173947334        1.9657534087363826E-003
 -0.56000003218650818        8.2060661780598929E-003
 -0.54000003263354301        2.0286195531214645E-002
 -0.52000003308057785        3.3225688964904486E-002
 -0.50000003352761269        3.9282052713848874E-002
 -0.48000003397464752        2.8856509419101357E-002
 -0.46000003442168236        7.9997712731406465E-003
 -0.44000003486871719        4.4442100493403951E-003
 -0.42000003531575203        6.3260392591398318E-002
 -0.40000003576278687       0.21264161491493139     
 -0.38000003620982170       0.41999267946298297     
 -0.36000003665685654       0.57430393440335736     
 -0.34000003710389137       0.54803685479478748     
 -0.32000003755092621       0.30996411583130029     
 -0.30000003799796104        4.3142824576986739E-002
 -0.28000003844499588        9.7988905202900711E-002
 -0.26000003889203072       0.76888673786756656     
 -0.24000003933906555        1.9915309306099567     
 -0.22000003978610039        3.1897562044691581     
 -0.20000004023313522        3.5907684123216748     
 -0.18000004068017006        2.7540869705833528     
 -0.16000004112720490        1.1579808057866803     
 -0.14000004157423973        4.4362692944151925E-002
 -0.12000004202127457       0.68706070640028216     
 -0.10000004246830940        3.3317373114698463     
  -8.0000042915344238E-002   6.7102888936756253     
  -6.0000043362379074E-002   8.8099638553566546     
  -4.0000043809413910E-002   8.0876539501440181     
  -2.0000044256448746E-002   5.0085252064053316     
  -4.4703483581542969E-008   1.4373465041872888     
   1.9999954849481583E-002   1.2844315955006057E-002
   3.9999954402446747E-002   2.9168615157785109E-005
   5.9999953955411911E-002   1.1637162071977708E-005
   7.9999953508377075E-002   2.0286409832405307E-006
   9.9999953061342239E-002   1.6404461973795592E-006
  0.11999995261430740        2.3146475476779645E-007
  0.13999995216727257        7.0867738409386883E-007
  0.15999995172023773        3.1800659275558157E-008
  0.17999995127320290        5.5175978416895138E-007
  0.19999995082616806        1.8654767806747858E-008
  0.21999995037913322        5.9068495285798049E-007
  0.23999994993209839        1.1623475027103736E-007
  0.25999994948506355        6.6614040948148911E-007
  0.27999994903802872        3.3818643805923188E-007
  0.29999994859099388        6.9953279611971963E-007
  0.31999994814395905        6.5128825588819713E-007
  0.33999994769692421        6.7720235972311736E-007
  0.35999994724988937        9.8926651636817502E-007
  0.37999994680285454        6.2843076547016109E-007
  0.39999994635581970        1.2875440490952249E-006
  0.41999994590878487        6.1275663797297957E-007
  0.43999994546175003        1.4661063358807271E-006
  0.45999994501471519        7.1218102104914317E-007
  0.47999994456768036        1.4435760580051008E-006
  0.49999994412064552        9.8501856010608969E-007
  0.51999994367361069        1.2331329644501233E-006
  0.53999994322657585        1.3901675114807520E-006
  0.55999994277954102        9.9138411120648526E-007
  0.57999994233250618        1.7417039921743847E-006
  0.59999994188547134        9.2968549932897064E-007
  0.61999994143843651        1.8086711322013817E-006
  0.63999994099140167        1.1741325367809455E-006
  0.65999994054436684        1.5487497866890768E-006
  0.67999994009733200        1.6476106048572239E-006
  0.69999993965029716        1.2200015445742613E-006
  0.71999993920326233        2.0111015594919550E-006
  0.73999993875622749        1.1753434491948781E-006
  0.75999993830919266        1.9038522130799541E-006
  0.77999993786215782        1.5537308319759469E-006
  0.79999993741512299        1.4550702270651639E-006
  0.81999993696808815        2.0303275394437791E-006
  0.83999993652105331        1.2164316315253895E-006
  0.85999993607401848        1.9799648513936643E-006
  0.87999993562698364        1.5342569401526620E-006
  0.89999993517994881        1.4461595286264918E-006
  0.91999993473291397        2.0105375379923556E-006
  0.93999993428587914        1.1854516559266517E-006
  0.95999993383884430        1.8169057527903845E-006
  0.97999993339180946        1.5966269545176873E-006
  0.99999993294477463        1.2207306126012501E-006
   1.0199999324977398        1.9160859631678876E-006
   1.0399999320507050        1.1888462242794494E-006
   1.0599999316036701        1.4182318845294759E-006
   1.0799999311566353        1.7135710799441626E-006
   1.0999999307096004        9.8893194180230993E-007
   1.1199999302625656        1.5564464814440693E-006
   1.1399999298155308        1.4007328858577618E-006
   1.1599999293684959        9.4317028984620395E-007
   1.1799999289214611        1.5655024880619744E-006
   1.1999999284744263        1.1267254035205607E-006
   1.2199999280273914        9.4482207869067213E-007
   1.2399999275803566        1.4841838342660233E-006
   1.2599999271333218        9.3202049714528813E-007
   1.2799999266862869        9.2801625877356242E-007
   1.2999999262392521        1.3746212271000794E-006
   1.3199999257922173        8.0153594908200013E-007
   1.3399999253451824        8.7312155746416941E-007
   1.3599999248981476        1.2734447569632197E-006
   1.3799999244511127        7.1506035533926551E-007
   1.3999999240040779        7.8471022059596983E-007
   1.4199999235570431        1.1855831566864067E-006
   1.4399999231100082        6.6777975264890751E-007
   1.4599999226629734        6.7269893977613375E-007
   1.4799999222159386        1.0953235912473728E-006
   1.4999999217689037        6.6884344287009743E-007
   1.5199999213218689        5.4850348092243227E-007
   1.5399999208748341        9.7806070649227012E-007
   1.5599999204277992        7.2411146704610513E-007
   1.5799999199807644        4.3601556702427990E-007
   1.5999999195337296        8.1239053651315344E-007
   1.6199999190866947        8.0858714954238722E-007
   1.6399999186396599        3.8364519623640559E-007
   1.6599999181926250        5.9928177629945303E-007
   1.6799999177455902        8.4809118593979023E-007
   1.6999999172985554        4.4602831133334769E-007
   1.7199999168515205        3.8870804807536513E-007
   1.7399999164044857        7.5139548848259645E-007
   1.7599999159574509        6.0587971984165705E-007
   1.7799999155104160        2.9228655587973332E-007
   1.7999999150633812        5.0663265143220175E-007
   1.8199999146163464        7.0463660042205438E-007
   1.8399999141693115        4.0628128563574520E-007
   1.8599999137222767        2.6334556006948643E-007
   1.8799999132752419        5.7189340148955981E-007
   1.8999999128282070        6.0092789744237218E-007
   1.9199999123811722        2.7060388069262985E-007
   1.9399999119341373        2.9266803527405852E-007
   1.9599999114871025        5.5004437648332109E-007
   1.9799999110400677        5.1578280168294157E-007
   1.9999999105930328        2.1940043425909905E-007
   2.0199999101459980        2.5732540085901034E-007
   2.0399999096989632        5.3251075505693844E-007
   2.0599999092519283        4.5136236193411495E-007
   2.0799999088048935        1.9691568377805096E-007
   2.0999999083578587        2.2863170324636873E-007
   2.1199999079108238        4.3260779561846238E-007
   2.1399999074637890        4.7407231740083685E-007
   2.1599999070167542        2.0247518573241110E-007
   2.1799999065697193        1.4297832363146431E-007
   2.1999999061226845        3.6774279418738926E-007
   2.2199999056756496        4.3167002240622649E-007
   2.2399999052286148        2.9960600180127328E-007
   2.2599999047815800        1.0649363355801642E-007
   2.2799999043345451        1.8857081310659945E-007
   2.2999999038875103        4.2881528582351661E-007
   2.3199999034404755        3.5990404636400632E-007
   2.3399999029934406        1.9282072521114108E-007
   2.3599999025464058        8.1138516916778236E-008
   2.3799999020993710        2.0977058501216033E-007
   2.3999999016523361        4.6647490827295381E-007
   2.4199999012053013        3.2143370424232234E-007
   2.4399999007582664        1.4228516574291674E-007
   2.4599999003112316        6.0057740280995759E-008
   2.4799998998641968        2.1988235742059565E-007
   2.4999998994171619        5.2559594915697343E-007
   2.5199998989701271        3.0692440671330423E-007
   2.5399998985230923        1.2244960675691212E-007
   2.5599998980760574        5.2494122595197372E-008
   2.5799998976290226        2.1022361472538895E-007
   2.5999998971819878        5.1551134603220096E-007
   2.6199998967349529        2.4054500699375595E-007
   2.6399998962879181        1.1786763258864908E-007
   2.6599998958408833        5.7008759286592907E-008
   2.6799998953938484        1.3990612456682585E-007
   2.6999998949468136        2.8635902306883104E-007
   2.7199998944997787        8.7992511386562172E-008
   2.7399998940527439        1.7641748773300270E-007
   2.7599998936057091        1.5389712423456197E-007
   2.7799998931586742        2.0822484278825030E-007
   2.7999998927116394        3.1437800633312402E-008
   2.8199998922646046        1.5347445042826483E-008
   2.8399998918175697        3.6196069170542234E-007
   2.8599998913705349        3.7304726878066957E-007
   2.8799998909235001        4.3517391225381607E-007
   2.8999998904764652        4.4822659998036347E-008
   2.9199998900294304        4.5283770435335200E-009
   2.9399998895823956        1.9023471027778468E-007
   2.9599998891353607        1.9111303058803529E-007
   2.9799998886883259        9.7660855729128893E-008
   2.9999998882412910        3.9101908409723805E-008
   3.0199998877942562        2.8603708588974082E-007
   3.0399998873472214        2.6601977704932514E-007
   3.0599998869001865        1.9498991107257367E-007
   3.0799998864531517        3.8804167974528768E-008
   3.0999998860061169        6.9355345001947536E-008
   3.1199998855590820        1.0815122768321662E-007
