  -2.0000000000000000        1.9166785701716658E-006
  -1.9800000004470348        6.6403429514600901E-007
  -1.9600000008940697        1.9787711972169341E-006
  -1.9400000013411045        9.9809845586391895E-008
  -1.9200000017881393        5.2067689618054940E-007
  -1.9000000022351742        1.1480968156913458E-006
  -1.8800000026822090        9.4723392659363801E-007
  -1.8600000031292439        2.9008915263057957E-007
  -1.8400000035762787        1.8333880592172494E-006
  -1.8200000040233135        5.1675322363712633E-007
  -1.8000000044703484        1.9323698938888951E-007
  -1.7800000049173832        1.0590209184310597E-007
  -1.7600000053644180        2.6633294494408328E-006
  -1.7400000058114529        1.4088124161778976E-007
  -1.7200000062584877        2.8520673281491542E-007
  -1.7000000067055225        3.6201516397515392E-007
  -1.6800000071525574        1.7393231941605499E-006
  -1.6600000075995922        2.1403249384602663E-007
  -1.6400000080466270        1.1224304981634250E-006
  -1.6200000084936619        5.2496852273642877E-007
  -1.6000000089406967        7.5545028518948421E-007
  -1.5800000093877316        4.2241907961852290E-009
  -1.5600000098347664        2.1558708744837452E-006
  -1.5400000102818012        2.6371040798830287E-007
  -1.5200000107288361        5.5750223730550808E-007
  -1.5000000111758709        2.7989483552139930E-007
  -1.4800000116229057        1.7370995749539901E-006
  -1.4600000120699406        4.0985461351262372E-009
  -1.4400000125169754        1.6501213200390005E-006
  -1.4200000129640102        4.2537647959681094E-007
  -1.4000000134110451        6.9742883962327404E-007
  -1.3800000138580799        2.9918095836049531E-007
  -1.3600000143051147        2.0214972102673756E-006
  -1.3400000147521496        1.0127793970835723E-008
  -1.3200000151991844        1.6691983058709342E-006
  -1.3000000156462193        4.3704841760744098E-007
  -1.2800000160932541        7.5981254686860910E-007
  -1.2600000165402889        5.2624688006609637E-007
  -1.2400000169873238        1.9419880673027353E-006
  -1.2200000174343586        6.5856002032808324E-008
  -1.2000000178813934        2.0254667397852623E-006
  -1.1800000183284283        3.5610078472900754E-007
  -1.1600000187754631        7.8624124042485550E-007
  -1.1400000192224979        9.0714253543171087E-007
  -1.1200000196695328        1.3916639836256923E-006
  -1.1000000201165676        5.1715610099818258E-007
  -1.0800000205636024        2.2574790456338209E-006
  -1.0600000210106373        1.5477650785394889E-007
  -1.0400000214576721        1.3352111935595809E-006
  -1.0200000219047070        6.9408827102639319E-007
  -1.0000000223517418        5.5371771824758243E-007
 -0.98000002279877663        1.1149652381415536E-006
 -0.96000002324581146        1.5627250126089178E-006
 -0.94000002369284630        7.8836777973702852E-007
 -0.92000002413988113        1.6760767083456184E-006
 -0.90000002458691597        2.7717776240655118E-007
 -0.88000002503395081        6.5891299894868448E-008
 -0.86000002548098564        9.3728212422149760E-007
 -0.84000002592802048        4.1198522772326636E-006
 -0.82000002637505531        4.0738844587434961E-006
 -0.80000002682209015        8.6621904447457273E-006
 -0.78000002726912498        3.6570442789965536E-007
 -0.76000002771615982        1.7796467079338356E-006
 -0.74000002816319466        5.8261561095437233E-005
 -0.72000002861022949        1.8250765304117110E-004
 -0.70000002905726433        4.8608649268176008E-004
 -0.68000002950429916        7.9977364922691847E-004
 -0.66000002995133400        9.5712673162398100E-004
 -0.64000003039836884        6.9121940895133880E-004
 -0.62000003084540367        1.0180227205849722E-004
 -0.60000003129243851        3.7106863159792522E-004
 -0.58000003173947334        3.7852031928477282E-003
 -0.56000003218650818        1.2010793825793479E-002
 -0.54000003263354301        2.5129843943526246E-002
 -0.52000003308057785        3.6042016682187719E-002
 -0.50000003352761269        3.6900547921700048E-002
 -0.48000003397464752        2.1278043055261139E-002
 -0.46000003442168236        2.1929060621330709E-003
 -0.44000003486871719        1.3124472141665034E-002
 -0.42000003531575203        9.6159808745624020E-002
 -0.40000003576278687       0.26488078427200806     
 -0.38000003620982170       0.46558877067696547     
 -0.36000003665685654       0.57926204373335966     
 -0.34000003710389137       0.49712033562286145     
 -0.32000003755092621       0.23340793707047033     
 -0.30000003799796104        1.0443910987433205E-002
 -0.28000003844499588       0.17426073104824169     
 -0.26000003889203072       0.95427810121069279     
 -0.24000003933906555        2.1962609860780575     
 -0.22000003978610039        3.2835927419591151     
 -0.20000004023313522        3.4955161834606447     
 -0.18000004068017006        2.5235860383797033     
 -0.16000004112720490       0.94894088409576116     
 -0.14000004157423973        9.2499557065297226E-003
 -0.12000004202127457       0.84745380494792710     
 -0.10000004246830940        3.5587173769919884     
  -8.0000042915344238E-002   6.8294258049757453     
  -6.0000043362379074E-002   8.7378064007742235     
  -4.0000043809413910E-002   7.8992938680178097     
  -2.0000044256448746E-002   4.8447622543235740     
  -4.4703483581542969E-008   1.3834038864443423     
   1.9999954849481583E-002   1.2319728114392194E-002
   3.9999954402446747E-002   3.0448876029758114E-005
   5.9999953955411911E-002   8.9967298669707060E-006
   7.9999953508377075E-002   3.3084811828647451E-006
   9.9999953061342239E-002   6.3431566544472425E-007
  0.11999995261430740        9.7661985548640890E-007
  0.13999995216727257        8.9285228571749107E-008
  0.15999995172023773        5.7216517163617328E-007
  0.17999995127320290        8.8047828764658666E-009
  0.19999995082616806        5.1813124588733447E-007
  0.21999995037913322        1.8146640389392568E-008
  0.23999994993209839        6.1568398207390120E-007
  0.25999994948506355        9.7463276284532197E-008
  0.27999994903802872        7.6448749785522430E-007
  0.29999994859099388        2.6450249223630822E-007
  0.31999994814395905        8.6431779966612800E-007
  0.33999994769692421        5.3195091796281037E-007
  0.35999994724988937        8.5267742534921470E-007
  0.37999994680285454        8.6682564746433518E-007
  0.39999994635581970        7.5979058064991635E-007
  0.41999994590878487        1.1926864166506474E-006
  0.43999994546175003        6.7954052332454104E-007
  0.45999994501471519        1.4255833153876022E-006
  0.47999994456768036        6.9530618994572376E-007
  0.49999994412064552        1.4928694217457179E-006
  0.51999994367361069        8.6174518653503054E-007
  0.53999994322657585        1.3703528023556307E-006
  0.55999994277954102        1.1942274731031749E-006
  0.57999994233250618        1.1297343373659442E-006
  0.59999994188547134        1.5935643156159227E-006
  0.61999994143843651        9.4766398890898257E-007
  0.63999994099140167        1.8227772219657012E-006
  0.65999994054436684        1.0305234615574241E-006
  0.67999994009733200        1.6854769198853942E-006
  0.69999993965029716        1.4391093929397925E-006
  0.71999993920326233        1.3099895720585692E-006
  0.73999993875622749        1.9135401216676506E-006
  0.75999993830919266        1.1075673043034999E-006
  0.77999993786215782        1.9742198753306146E-006
  0.79999993741512299        1.3644413400325562E-006
  0.81999993696808815        1.5487347471695661E-006
  0.83999993652105331        1.8944177880737551E-006
  0.85999993607401848        1.1831107465594127E-006
  0.87999993562698364        2.0170130898479900E-006
  0.89999993517994881        1.3613827812245119E-006
  0.91999993473291397        1.5329879368635340E-006
  0.93999993428587914        1.8879967758588586E-006
  0.95999993383884430        1.1424504584611854E-006
  0.97999993339180946        1.8768025772751300E-006
  0.99999993294477463        1.4200016192524556E-006
   1.0199999324977398        1.2937442574312485E-006
   1.0399999320507050        1.8658895252466461E-006
   1.0599999316036701        1.0818080414624412E-006
   1.0799999311566353        1.5240243215519245E-006
   1.0999999307096004        1.5743555858120429E-006
   1.1199999302625656        9.8333037637924846E-007
   1.1399999298155308        1.6336787053532357E-006
   1.1599999293684959        1.2322193296155242E-006
   1.1799999289214611        1.0130629758276337E-006
   1.1999999284744263        1.5937292687269164E-006
   1.2199999280273914        9.7026138908972733E-007
   1.2399999275803566        1.0596948816132349E-006
   1.2599999271333218        1.4659161806716652E-006
   1.2799999266862869        8.0101415368635305E-007
   1.2999999262392521        1.0718535448416881E-006
   1.3199999257922173        1.3180986325346794E-006
   1.3399999253451824        6.9300069263614042E-007
   1.3599999248981476        1.0385321686804176E-006
   1.3799999244511127        1.1911781303270381E-006
   1.3999999240040779        6.1872703686658059E-007
   1.4199999235570431        9.6265275031189133E-007
   1.4399999231100082        1.1004061247194970E-006
   1.4599999226629734        5.6719809218152023E-007
   1.4799999222159386        8.4856174583971940E-007
   1.4999999217689037        1.0424525104350597E-006
   1.5199999213218689        5.4260517907655954E-007
   1.5399999208748341        7.0222186965567185E-007
   1.5599999204277992        9.9689481389086845E-007
   1.5799999199807644        5.5908922468362140E-007
   1.5999999195337296        5.3935652767168657E-007
   1.6199999190866947        9.2684727746304744E-007
   1.6399999186396599        6.2688600768277192E-007
   1.6599999181926250        3.9738560570352114E-007
   1.6799999177455902        7.9179690348048936E-007
   1.6999999172985554        7.2362872957361439E-007
   1.7199999168515205        3.4037655487412892E-007
   1.7399999164044857        5.8114411903565383E-007
   1.7599999159574509        7.7092773056136474E-007
   1.7799999155104160        4.2607361349248929E-007
   1.7999999150633812        3.5692978188953098E-007
   1.8199999146163464        6.7371848859500459E-007
   1.8399999141693115        6.0817090629659799E-007
   1.8599999137222767        2.6364422856062049E-007
   1.8799999132752419        4.3458660541520861E-007
   1.8999999128282070        6.8306335458467584E-007
   1.9199999123811722        4.0342599882118070E-007
   1.9399999119341373        2.3443957964002615E-007
   1.9599999114871025        4.9440622150545949E-007
   1.9799999110400677        5.8494518257692579E-007
   1.9999999105930328        3.1736908055268602E-007
   2.0199999101459980        2.1560790063019562E-007
   2.0399999096989632        4.7506069147946955E-007
   2.0599999092519283        5.4951021042407284E-007
   2.0799999088048935        2.4285712728085516E-007
   2.0999999083578587        1.9712809491374469E-007
   2.1199999079108238        4.4067749324729922E-007
   2.1399999074637890        4.9473845681485062E-007
   2.1599999070167542        2.6851943462149183E-007
   2.1799999065697193        1.3290009125135795E-007
   2.1999999061226845        3.5411434536051789E-007
   2.2199999056756496        5.2063184972544460E-007
   2.2399999052286148        2.8596123203359113E-007
   2.2599999047815800        1.0946857614005067E-007
   2.2799999043345451        2.4487399985566019E-007
   2.2999999038875103        4.7350175565628040E-007
   2.3199999034404755        4.3644528974371555E-007
   2.3399999029934406        9.6238424300054970E-008
   2.3599999025464058        1.1139141364496259E-007
   2.3799999020993710        4.2856383041796782E-007
   2.3999999016523361        4.8225090036899212E-007
   2.4199999012053013        2.6287410746093632E-007
   2.4399999007582664        2.2435332387237029E-008
   2.4599999003112316        2.2562380028357686E-007
   2.4799998998641968        5.1563705780835038E-007
   2.4999998994171619        3.1467401648372215E-007
   2.5199998989701271        1.1280173943054268E-007
   2.5399998985230923        8.5975364076701835E-008
   2.5599998980760574        2.5688207303635811E-007
   2.5799998976290226        3.1138987219934867E-007
   2.5999998971819878        1.1166237757610307E-007
   2.6199998967349529        2.0420407602560533E-007
   2.6399998962879181        1.5068418146444730E-007
   2.6599998958408833        1.0737912509931828E-007
   2.6799998953938484        1.0618793063482967E-007
   2.6999998949468136        2.0951687832987994E-007
   2.7199998944997787        5.6929049748359963E-007
   2.7399998940527439        1.8443544857861155E-007
   2.7599998936057091        3.1243661365695079E-008
   2.7799998931586742        1.9841428660706510E-007
   2.7999998927116394        3.1486189806104943E-007
   2.8199998922646046        4.5756083350250376E-007
   2.8399998918175697        6.2814394600960422E-008
   2.8599998913705349        6.8757574312578123E-008
   2.8799998909235001        1.4082082665863058E-007
   2.8999998904764652        1.0449555639634241E-007
   2.9199998900294304        3.3046724842787230E-008
   2.9399998895823956        1.6451220618217931E-007
   2.9599998891353607        5.6411147142280023E-007
   2.9799998886883259        3.1805712269507139E-007
   2.9999998882412910        8.4539070454710807E-008
   3.0199998877942562        4.9853623740235718E-008
   3.0399998873472214        2.0760339089124057E-007
   3.0599998869001865        1.4608315271807993E-007
   3.0799998864531517        3.3078621463566093E-008
   3.0999998860061169        1.1175148572963024E-007
   3.1199998855590820        1.1274325175906123E-007
