  -2.0000000000000000        5.4682431897553114E-007
  -1.9800000004470348        1.5690505729623702E-007
  -1.9600000008940697        2.1935091262631711E-006
  -1.9400000013411045        5.6014600740467493E-007
  -1.9200000017881393        1.1392486848054941E-006
  -1.9000000022351742        4.3083169807612721E-007
  -1.8800000026822090        1.0903675398235056E-006
  -1.8600000031292439        6.6065791993441245E-007
  -1.8400000035762787        1.1239456751939910E-006
  -1.8200000040233135        4.8069614924658645E-007
  -1.8000000044703484        1.9020344211287913E-006
  -1.7800000049173832        7.2118185788601657E-008
  -1.7600000053644180        9.2751309530690849E-007
  -1.7400000058114529        1.8689082371011401E-007
  -1.7200000062584877        2.0583403889243796E-006
  -1.7000000067055225        4.0174693379409513E-007
  -1.6800000071525574        1.0412317193517212E-006
  -1.6600000075995922        3.6566001846628853E-007
  -1.6400000080466270        6.6955618575751427E-007
  -1.6200000084936619        1.2626466725192842E-006
  -1.6000000089406967        1.5394117522359244E-006
  -1.5800000093877316        1.2079230147464796E-007
  -1.5600000098347664        4.2934038951649866E-007
  -1.5400000102818012        1.3778363329742887E-006
  -1.5200000107288361        9.0250268146073015E-007
  -1.5000000111758709        9.3054140209118158E-007
  -1.4800000116229057        1.0927269990299932E-006
  -1.4600000120699406        5.6258744555317848E-007
  -1.4400000125169754        4.5089317517524120E-008
  -1.4200000129640102        2.3758258695933507E-006
  -1.4000000134110451        5.7003581223308170E-007
  -1.3800000138580799        8.5989631950870121E-007
  -1.3600000143051147        7.6259112026913677E-007
  -1.3400000147521496        1.1412081556562941E-006
  -1.3200000151991844        8.7467807923705854E-008
  -1.3000000156462193        2.6520339155864361E-006
  -1.2800000160932541        1.8298968192326671E-007
  -1.2600000165402889        1.1856666162219698E-006
  -1.2400000169873238        8.1627204514469964E-007
  -1.2200000174343586        8.9138853340318521E-007
  -1.2000000178813934        6.9322194873753200E-007
  -1.1800000183284283        2.5211034592835242E-006
  -1.1600000187754631        6.0187362580012399E-008
  -1.1400000192224979        1.7234200643473892E-006
  -1.1200000196695328        7.5426142706709662E-007
  -1.1000000201165676        3.9198997802587916E-007
  -1.0800000205636024        1.7701465196673430E-006
  -1.0600000210106373        1.1370061381304949E-006
  -1.0400000214576721        1.0156948701217183E-006
  -1.0200000219047070        1.7460700489859833E-006
  -1.0000000223517418        2.8228862089711302E-007
 -0.98000002279877663        8.2232616412033129E-007
 -0.96000002324581146        1.4668383684568969E-006
 -0.94000002369284630        3.3040772366262623E-008
 -0.92000002413988113        1.5913748942796417E-006
 -0.90000002458691597        5.3587196866712165E-007
 -0.88000002503395081        3.5848474309923940E-007
 -0.86000002548098564        3.5315220199150924E-006
 -0.84000002592802048        5.1723255800692056E-006
 -0.82000002637505531        6.0272592322288016E-006
 -0.80000002682209015        5.4006349776132787E-006
 -0.78000002726912498        3.6755033047434890E-006
 -0.76000002771615982        1.7529285806191747E-005
 -0.74000002816319466        1.3380135885356689E-004
 -0.72000002861022949        3.1440372668962427E-004
 -0.70000002905726433        6.9066100728282394E-004
 -0.68000002950429916        9.4989170965558952E-004
 -0.66000002995133400        9.7221632019005809E-004
 -0.64000003039836884        5.6456200873797563E-004
 -0.62000003084540367        2.4071970210712035E-004
 -0.60000003129243851        1.5583998792053993E-003
 -0.58000003173947334        6.9858275946101771E-003
 -0.56000003218650818        1.7101330671495923E-002
 -0.54000003263354301        3.0621504315498458E-002
 -0.52000003308057785        3.8533186230534769E-002
 -0.50000003352761269        3.4380362305848761E-002
 -0.48000003397464752        1.6161657212870797E-002
 -0.46000003442168236        3.7137836925484427E-003
 -0.44000003486871719        3.3967814250922955E-002
 -0.42000003531575203       0.14209087858293026     
 -0.40000003576278687       0.32441510275500673     
 -0.38000003620982170       0.50993176941159835     
 -0.36000003665685654       0.57753329833046008     
 -0.34000003710389137       0.44717543283342115     
 -0.32000003755092621       0.17607749735365880     
 -0.30000003799796104        1.7268250272546803E-002
 -0.28000003844499588       0.29559800204879250     
 -0.26000003889203072        1.1671925057675530     
 -0.24000003933906555        2.3977428975920021     
 -0.22000003978610039        3.3493981878138106     
 -0.20000004023313522        3.3741686959650909     
 -0.18000004068017006        2.2937201296720815     
 -0.16000004112720490       0.77255105340901242     
 -0.14000004157423973        1.7892516915172903E-002
 -0.12000004202127457        1.0319296849483166     
 -0.10000004246830940        3.7698010038186198     
  -8.0000042915344238E-002   6.8986895028756123     
  -6.0000043362379074E-002   8.6026200360352707     
  -4.0000043809413910E-002   7.6603746760582387     
  -2.0000044256448746E-002   4.6529273172155952     
  -4.4703483581542969E-008   1.3220761572237922     
   1.9999954849481583E-002   1.1758916266916523E-002
   3.9999954402446747E-002   2.7643869886386803E-005
   5.9999953955411911E-002   9.9302683258852653E-006
   7.9999953508377075E-002   2.0858720290902521E-006
   9.9999953061342239E-002   1.3766550532523025E-006
  0.11999995261430740        2.6544575528418055E-007
  0.13999995216727257        6.0111700503755608E-007
  0.15999995172023773        6.0228379604633691E-008
  0.17999995127320290        4.3114046462158081E-007
  0.19999995082616806        3.3479540039639082E-008
  0.21999995037913322        4.6289951690796578E-007
  0.23999994993209839        5.4279258634392031E-008
  0.25999994948506355        6.0334412210999302E-007
  0.27999994903802872        1.3655236825969702E-007
  0.29999994859099388        7.6000779246947195E-007
  0.31999994814395905        3.0271860675336066E-007
  0.33999994769692421        8.6979623916683355E-007
  0.35999994724988937        5.3561660971374375E-007
  0.37999994680285454        8.9490541438225988E-007
  0.39999994635581970        8.1937090431718192E-007
  0.41999994590878487        8.2042005667792062E-007
  0.43999994546175003        1.1302220700772435E-006
  0.45999994501471519        7.2044441244756954E-007
  0.47999994456768036        1.3704577399984112E-006
  0.49999994412064552        7.2315631455580337E-007
  0.51999994367361069        1.4327685587881698E-006
  0.53999994322657585        8.8639762077118850E-007
  0.55999994277954102        1.3215091488309229E-006
  0.57999994233250618        1.1695856917102967E-006
  0.59999994188547134        1.1297194992808830E-006
  0.61999994143843651        1.4897983600633048E-006
  0.63999994099140167        9.8908806400519834E-007
  0.65999994054436684        1.7066852433378188E-006
  0.67999994009733200        1.0461000997524694E-006
  0.69999993965029716        1.6303642366913921E-006
  0.71999993920326233        1.3742895828825289E-006
  0.73999993875622749        1.3103941569860687E-006
  0.75999993830919266        1.8032817641376501E-006
  0.77999993786215782        1.1183550737312100E-006
  0.79999993741512299        1.8898934494435212E-006
  0.81999993696808815        1.3348192859545067E-006
  0.83999993652105331        1.5143693049589860E-006
  0.85999993607401848        1.8042259514272271E-006
  0.87999993562698364        1.1861640148147691E-006
  0.89999993517994881        1.9254295730784207E-006
  0.91999993473291397        1.3448636078381726E-006
  0.93999993428587914        1.4952652706128579E-006
  0.95999993383884430        1.7981963004090745E-006
  0.97999993339180946        1.1552176053856748E-006
  0.99999993294477463        1.7982712718198155E-006
   1.0199999324977398        1.3883524953831179E-006
   1.0399999320507050        1.2849285052838491E-006
   1.0599999316036701        1.7714233672015907E-006
   1.0799999311566353        1.0983111018451873E-006
   1.0999999307096004        1.4877616550590336E-006
   1.1199999302625656        1.4982636540713521E-006
   1.1399999298155308        1.0139857267712460E-006
   1.1599999293684959        1.5740507990368275E-006
   1.1799999289214611        1.1941626155737796E-006
   1.1999999284744263        1.0409433683422354E-006
   1.2199999280273914        1.5162138754984133E-006
   1.2399999275803566        9.6821371801500932E-007
   1.2599999271333218        1.0802690528628558E-006
   1.2799999266862869        1.3808967493033417E-006
   1.2999999262392521        8.2374744598252042E-007
   1.3199999257922173        1.0837609774711743E-006
   1.3399999253451824        1.2365069923639462E-006
   1.3599999248981476        7.2816583577511225E-007
   1.3799999244511127        1.0443102477198502E-006
   1.3999999240040779        1.1191115244909205E-006
   1.4199999235570431        6.5359696684044259E-007
   1.4399999231100082        9.7121328249984517E-007
   1.4599999226629734        1.0383594837503492E-006
   1.4799999222159386        5.8823656630672462E-007
   1.4999999217689037        8.7322757855380078E-007
   1.5199999213218689        9.8909140209455146E-007
   1.5399999208748341        5.3607693730240646E-007
   1.5599999204277992        7.5405643100801223E-007
   1.5799999199807644        9.5546279756671781E-007
   1.5999999195337296        5.1342394091864868E-007
   1.6199999190866947        6.1769239127617113E-007
   1.6399999186396599        9.0953882649303666E-007
   1.6599999181926250        5.4071866044737612E-007
   1.6799999177455902        4.7978252683803076E-007
   1.6999999172985554        8.1483444619936713E-007
   1.7199999168515205        6.2219638507940178E-007
   1.7399999164044857        3.7873801112037709E-007
   1.7599999159574509        6.4811721749518560E-007
   1.7799999155104160        7.1350263077312862E-007
   1.7999999150633812        3.7198268944347049E-007
   1.8199999146163464        4.3693187378504305E-007
   1.8399999141693115        7.1543805955385839E-007
   1.8599999137222767        4.8657303349786811E-007
   1.8799999132752419        2.8076210942318100E-007
   1.8999999128282070        5.5715780657806312E-007
   1.9199999123811722        6.2185721889096945E-007
   1.9399999119341373        3.0953040900535361E-007
   1.9599999114871025        3.2035035278741711E-007
   1.9799999110400677        5.7241705757635738E-007
   1.9999999105930328        5.1340361844387324E-007
   2.0199999101459980        2.3151266888372372E-007
   2.0399999096989632        3.1635464336483589E-007
   2.0599999092519283        5.9034072022698640E-007
   2.0799999088048935        4.1952993042682918E-007
   2.0999999083578587        1.6308752097985657E-007
   2.1199999079108238        3.4504988474469102E-007
   2.1399999074637890        5.5101650539697008E-007
   2.1599999070167542        3.8353588968999068E-007
   2.1799999065697193        1.3825891662776728E-007
   2.1999999061226845        2.8924599170773535E-007
   2.2199999056756496        5.7470130933575027E-007
   2.2399999052286148        3.6353857893266995E-007
   2.2599999047815800        8.4242720202793689E-008
   2.2799999043345451        2.9079190400753451E-007
   2.2999999038875103        5.1365316586284694E-007
   2.3199999034404755        3.6904795298148087E-007
   2.3399999029934406        9.9863420222709341E-008
   2.3599999025464058        1.9525973080674339E-007
   2.3799999020993710        4.6086338068142354E-007
   2.3999999016523361        3.1291257088079406E-007
   2.4199999012053013        1.0313144583468707E-007
   2.4399999007582664        2.2456719220602296E-007
   2.4599999003112316        2.4649864951799925E-007
   2.4799998998641968        1.9996502427311440E-007
   2.4999998994171619        2.4059561636213184E-007
   2.5199998989701271        2.2792049656930280E-007
   2.5399998985230923        2.1659968545228072E-007
   2.5599998980760574        6.1481998811610718E-008
   2.5799998976290226        2.3603493252703751E-007
   2.5999998971819878        5.9556868426154119E-007
   2.6199998967349529        1.9952294056626842E-007
   2.6399998962879181        1.8536898130545548E-008
   2.6599998958408833        2.8660048758239275E-007
   2.6799998953938484        4.0092310999679739E-007
   2.6999998949468136        3.5759884582639506E-007
   2.7199998944997787        1.7303301612776860E-008
   2.7399998940527439        1.4910656109257372E-007
   2.7599998936057091        2.0938107022726694E-007
   2.7799998931586742        4.6331486601892562E-008
   2.7999998927116394        2.2414798452490544E-007
   2.8199998922646046        3.3058960691619123E-007
   2.8399998918175697        3.9610363347959916E-007
   2.8599998913705349        5.7324825870593239E-009
   2.8799998909235001        8.2306938266515936E-008
   2.8999998904764652        4.7194553230761889E-007
   2.9199998900294304        2.3224361457966234E-007
   2.9399998895823956        7.4556987784878811E-008
   2.9599998891353607        1.0690246471073696E-007
   2.9799998886883259        2.7448722406666526E-007
   2.9999998882412910        2.7351397113081878E-008
   3.0199998877942562        3.3882951554168448E-008
   3.0399998873472214        4.6795826436712395E-007
   3.0599998869001865        4.1145265653247116E-007
   3.0799998864531517        1.4346149791931204E-007
   3.0999998860061169        1.0504824427785806E-008
   3.1199998855590820        1.4739457615783099E-007
