  -2.0000000000000000        5.4392441922286429E-010
  -1.9800000004470348        5.6580222086964012E-010
  -1.9600000008940697        2.7590869685438050E-009
  -1.9400000013411045        3.5289812684119307E-009
  -1.9200000017881393        4.7987280831618641E-009
  -1.9000000022351742        5.6232691588120807E-009
  -1.8800000026822090        5.7359934570087762E-009
  -1.8600000031292439        6.6910806486773020E-009
  -1.8400000035762787        7.1180098604706932E-009
  -1.8200000040233135        6.8979364932910048E-009
  -1.8000000044703484        7.2789758563944047E-009
  -1.7800000049173832        8.0348640985842541E-009
  -1.7600000053644180        8.2605424345017332E-009
  -1.7400000058114529        7.9734855221181286E-009
  -1.7200000062584877        7.8248088052381800E-009
  -1.7000000067055225        8.1802308421624813E-009
  -1.6800000071525574        8.8942182361999649E-009
  -1.6600000075995922        9.6260201126134499E-009
  -1.6400000080466270        1.0136705961578000E-008
  -1.6200000084936619        1.0364034834116617E-008
  -1.6000000089406967        1.0360744748189917E-008
  -1.5800000093877316        1.0214974763329890E-008
  -1.5600000098347664        1.0003502725645195E-008
  -1.5400000102818012        9.7773505342667771E-009
  -1.5200000107288361        9.5644095798037736E-009
  -1.5000000111758709        9.3765798515356305E-009
  -1.4800000116229057        9.2175824373858880E-009
  -1.4600000120699406        9.0846684507534285E-009
  -1.4400000125169754        8.9781521172833052E-009
  -1.4200000129640102        8.8879553602516676E-009
  -1.4000000134110451        8.8225193929199954E-009
  -1.3800000138580799        8.7626329545824963E-009
  -1.3600000143051147        8.7195107423852599E-009
  -1.3400000147521496        8.7100222045881562E-009
  -1.3200000151991844        8.6028429927186109E-009
  -1.3000000156462193        8.8175489301633827E-009
  -1.2800000160932541        8.2909349763086973E-009
  -1.2600000165402889        9.3420323319265186E-009
  -1.2400000169873238        7.5440677689880076E-009
  -1.2200000174343586        1.0478276531086923E-008
  -1.2000000178813934        7.4817504074402252E-009
  -1.1800000183284283        1.1138438616488569E-008
  -1.1600000187754631        1.8424842030256153E-008
  -1.1400000192224979        1.2435263172646735E-008
  -1.1200000196695328        9.7159611670395313E-008
  -1.1000000201165676        9.0612674216748334E-008
  -1.0800000205636024        5.5333412028827121E-007
  -1.0600000210106373        9.5927123267892921E-007
  -1.0400000214576721        3.1969890174925017E-006
  -1.0200000219047070        7.2283751052152555E-006
  -1.0000000223517418        1.8286693195618424E-005
 -0.98000002279877663        4.3404809582525923E-005
 -0.96000002324581146        9.7708827098609891E-005
 -0.94000002369284630        2.2196333457833822E-004
 -0.92000002413988113        4.6865464716564431E-004
 -0.90000002458691597        9.9242442554218937E-004
 -0.88000002503395081        1.9857230225373453E-003
 -0.86000002548098564        3.9120687245500062E-003
 -0.84000002592802048        7.4015551662417241E-003
 -0.82000002637505531        1.3616185084369741E-002
 -0.80000002682209015        2.4266738704485171E-002
 -0.78000002726912498        4.1824134161427919E-002
 -0.76000002771615982        7.0033010656151209E-002
 -0.74000002816319466       0.11329302366955150     
 -0.72000002861022949       0.17802174241395807     
 -0.70000002905726433       0.27049818419974447     
 -0.68000002950429916       0.39873537993191721     
 -0.66000002995133400       0.56911024406627808     
 -0.64000003039836884       0.78706771815458476     
 -0.62000003084540367        1.0550067407940471     
 -0.60000003129243851        1.3692317773249918     
 -0.58000003173947334        1.7231944237827950     
 -0.56000003218650818        2.0993058796016331     
 -0.54000003263354301        2.4799534504550635     
 -0.52000003308057785        2.8365790661117409     
 -0.50000003352761269        3.1448343220911625     
 -0.48000003397464752        3.3776914665858935     
 -0.46000003442168236        3.5140650177529418     
 -0.44000003486871719        3.5443879452491402     
 -0.42000003531575203        3.4600695121744294     
 -0.40000003576278687        3.2776239254150661     
 -0.38000003620982170        3.0020454184203089     
 -0.36000003665685654        2.6710294114586470     
 -0.34000003710389137        2.2952071843299540     
 -0.32000003755092621        1.9178647100991268     
 -0.30000003799796104        1.5471669896822764     
 -0.28000003844499588        1.2119309943528387     
 -0.26000003889203072       0.92105377068433869     
 -0.24000003933906555       0.67341910507760672     
 -0.22000003978610039       0.48263030682043889     
 -0.20000004023313522       0.33254887289920410     
 -0.18000004068017006       0.22014327557759095     
 -0.16000004112720490       0.14411863639679928     
 -0.14000004157423973        9.1513678965559578E-002
 -0.12000004202127457        5.4544720259244055E-002
 -0.10000004246830940        3.1032508822694767E-002
  -8.0000042915344238E-002   1.8092259530843785E-002
  -6.0000043362379074E-002   1.1118902403862116E-002
  -4.0000043809413910E-002   6.7102448881003231E-003
  -2.0000044256448746E-002   3.3444910621707111E-003
  -4.4703483581542969E-008   8.7728915579964874E-004
   1.9999954849481583E-002   5.8554148033316561E-006
   3.9999954402446747E-002   2.0081630143580683E-006
   5.9999953955411911E-002   4.1712512984269846E-006
   7.9999953508377075E-002   7.3901652125897259E-006
   9.9999953061342239E-002   1.1267637699085878E-005
  0.11999995261430740        1.3710619760327467E-005
  0.13999995216727257        1.5579083866911826E-005
  0.15999995172023773        1.4241779313644080E-005
  0.17999995127320290        1.0900658335883459E-005
  0.19999995082616806        7.2868808886901038E-006
  0.21999995037913322        3.8510991484035715E-006
  0.23999994993209839        2.0905968084046266E-006
  0.25999994948506355        1.7071973746413422E-006
  0.27999994903802872        1.6628365454445230E-006
  0.29999994859099388        1.3552464943123824E-006
  0.31999994814395905        9.1105363134505728E-007
  0.33999994769692421        6.0419055886052261E-007
  0.35999994724988937        3.7288337407280460E-007
  0.37999994680285454        2.0542835418342191E-007
  0.39999994635581970        1.1103093628411962E-007
  0.41999994590878487        5.8745353009362008E-008
  0.43999994546175003        3.0750555943789219E-008
  0.45999994501471519        1.6886934435593615E-008
  0.47999994456768036        9.7431163417078384E-009
  0.49999994412064552        6.0044176710269315E-009
  0.51999994367361069        3.9896727149332351E-009
  0.53999994322657585        2.8375433980157959E-009
  0.55999994277954102        2.1539045079323270E-009
  0.57999994233250618        1.7273596830674952E-009
  0.59999994188547134        1.4497431377435678E-009
  0.61999994143843651        1.2623069765779562E-009
  0.63999994099140167        1.1311864492691107E-009
  0.65999994054436684        1.0367889978474221E-009
  0.67999994009733200        9.6700529756473117E-010
  0.69999993965029716        9.1423243380609811E-010
  0.71999993920326233        8.7351859543283223E-010
  0.73999993875622749        8.4154743772537184E-010
  0.75999993830919266        8.1604817183029810E-010
  0.77999993786215782        7.9542656732708624E-010
  0.79999993741512299        7.7854229703335798E-010
  0.81999993696808815        7.6456402349259334E-010
  0.83999993652105331        7.5287564227914967E-010
  0.85999993607401848        7.4301362029256199E-010
  0.87999993562698364        7.3462435740375000E-010
  0.89999993517994881        7.2743471362244303E-010
  0.91999993473291397        7.2123124840612820E-010
  0.93999993428587914        7.1584539686791747E-010
  0.95999993383884430        7.1114272777907604E-010
  0.97999993339180946        7.0701505965732556E-010
  0.99999993294477463        7.0337460440593901E-010
   1.0199999324977398        7.0014956795159387E-010
   1.0399999320507050        6.9728081087710591E-010
   1.0599999316036701        6.9471928897429697E-010
   1.0799999311566353        6.9242407353286793E-010
   1.0999999307096004        6.9036080709481407E-010
   1.1199999302625656        6.8850048912714957E-010
   1.1399999298155308        6.8681851404279974E-010
   1.1599999293684959        6.8529390363762809E-010
   1.1799999289214611        6.8390869062336447E-010
   1.1999999284744263        6.8264742039205331E-010
   1.2199999280273914        6.8149674587669580E-010
   1.2399999275803566        6.8044509634062809E-010
   1.2599999271333218        6.7948240511518353E-010
   1.2799999266862869        6.7859988468505524E-010
   1.2999999262392521        6.7778983995475436E-010
   1.3199999257922173        6.7704551257566352E-010
   1.3399999253451824        6.7636095053983339E-010
   1.3599999248981476        6.7573089855027765E-010
   1.3799999244511127        6.7515070546022150E-010
   1.3999999240040779        6.7461624584257405E-010
   1.4199999235570431        6.7412385334536669E-010
   1.4399999231100082        6.7367026379507852E-010
   1.4599999226629734        6.7325256654324210E-010
   1.4799999222159386        6.7286816272346285E-010
   1.4999999217689037        6.7251472933987654E-010
   1.5199999213218689        6.7219018825889870E-010
   1.5399999208748341        6.7189267945840421E-010
   1.5599999204277992        6.7162053781248264E-010
   1.5799999199807644        6.7137227299975220E-010
   1.5999999195337296        6.7114655203998491E-010
   1.6199999190866947        6.7094218406550767E-010
   1.6399999186396599        6.7075810715868932E-010
   1.6599999181926250        6.7059337682236460E-010
   1.6799999177455902        6.7044715603541727E-010
   1.6999999172985554        6.7031870656424655E-010
   1.7199999168515205        6.7020738146589879E-010
   1.7399999164044857        6.7011261868025284E-010
   1.7599999159574509        6.7003393542642542E-010
   1.7799999155104160        6.6997092355383703E-010
   1.7999999150633812        6.6992324557425347E-010
   1.8199999146163464        6.6989063144910759E-010
   1.8399999141693115        6.6987287596915693E-010
   1.8599999137222767        6.6986983670142974E-010
   1.8799999132752419        6.6988143258715763E-010
   1.8999999128282070        6.6990764298716224E-010
   1.9199999123811722        6.6994850734554777E-010
   1.9399999119341373        6.7000412525700929E-010
   1.9599999114871025        6.7007465710760109E-010
   1.9799999110400677        6.7016032520865413E-010
   1.9999999105930328        6.7026141539575486E-010
   2.0199999101459980        6.7037827922158272E-010
   2.0399999096989632        6.7051133661228942E-010
   2.0599999092519283        6.7066107911210856E-010
   2.0799999088048935        6.7082807366276251E-010
   2.0999999083578587        6.7101296691974384E-010
   2.1199999079108238        6.7121649018597549E-010
   2.1399999074637890        6.7143946488044966E-010
   2.1599999070167542        6.7168280846823160E-010
   2.1799999065697193        6.7194754089777442E-010
   2.1999999061226845        6.7223479122694242E-010
   2.2199999056756496        6.7254580437377759E-010
   2.2399999052286148        6.7288194751826807E-010
   2.2599999047815800        6.7324471557878919E-010
   2.2799999043345451        6.7363573501750871E-010
   2.2999999038875103        6.7405676447138176E-010
   2.3199999034404755        6.7450969051177038E-010
   2.3399999029934406        6.7499651562197285E-010
   2.3599999025464058        6.7551933440057643E-010
   2.3799999020993710        6.7608029251666502E-010
   2.3999999016523361        6.7668152052167255E-010
   2.4199999012053013        6.7732503263238129E-010
   2.4399999007582664        6.7801257826355788E-010
   2.4599999003112316        6.7874543388543067E-010
   2.4799998998641968        6.7952412777445396E-010
   2.4999998994171619        6.8034810652513821E-010
   2.5199998989701271        6.8121539004093344E-010
   2.5399998985230923        6.8212232660362728E-010
   2.5599998980760574        6.8306361942231765E-010
   2.5799998976290226        6.8403266029126128E-010
   2.5999998971819878        6.8502115577984412E-010
   2.6199998967349529        6.8601288072109904E-010
   2.6399998962879181        6.8695348895632743E-010
   2.6599998958408833        6.8764472413127008E-010
   2.6799998953938484        6.8743997794686024E-010
   2.6999998949468136        6.8451116432830677E-010
   2.7199998944997787        6.7443280029017401E-010
   2.7399998940527439        6.4834200693244631E-010
   2.7599998936057091        5.9292286142668201E-010
   2.7799998931586742        4.9833887409602478E-010
   2.7999998927116394        3.8152841257847135E-010
   2.8199998922646046        3.1594900462977142E-010
   2.8399998918175697        4.1264885643304474E-010
   2.8599998913705349        6.7499464287337600E-010
   2.8799998909235001        8.2020966214083963E-010
   2.8999998904764652        5.2948082982009751E-010
   2.9199998900294304        2.2457988646615897E-010
   2.9399998895823956        7.4145651707887665E-010
   2.9599998891353607        1.2290473643362206E-009
   2.9799998886883259        3.0735724869771017E-010
   2.9999998882412910        6.0012012069643749E-010
   3.0199998877942562        2.2386076833720617E-009
   3.0399998873472214        3.4574392053254371E-010
   3.0599998869001865        2.1375897743280127E-009
   3.0799998864531517        4.2339881533942542E-009
   3.0999998860061169        1.1532904719397787E-009
   3.1199998855590820        9.5724511103181760E-009
