  -2.0000000000000000        3.8433608811607298E-006
  -1.9800000004470348        1.3907140269942424E-008
  -1.9600000008940697        2.3237683396520735E-007
  -1.9400000013411045        3.2482681867381331E-007
  -1.9200000017881393        2.2700759420068790E-006
  -1.9000000022351742        3.8213916603244983E-007
  -1.8800000026822090        9.6574499010450636E-007
  -1.8600000031292439        9.0917427821570985E-007
  -1.8400000035762787        5.8017499570946188E-007
  -1.8200000040233135        1.8107222556478070E-007
  -1.8000000044703484        1.9302728336414860E-006
  -1.7800000049173832        8.8739030735631834E-007
  -1.7600000053644180        1.7357301586298254E-007
  -1.7400000058114529        7.0366737245796292E-007
  -1.7200000062584877        1.4558443303104807E-006
  -1.7000000067055225        4.8821247115619591E-007
  -1.6800000071525574        4.3148266033273528E-008
  -1.6600000075995922        2.0980019887336234E-006
  -1.6400000080466270        2.6203805714987388E-007
  -1.6200000084936619        6.8571538403668167E-007
  -1.6000000089406967        2.3657433504577976E-007
  -1.5800000093877316        1.7391333209609019E-006
  -1.5600000098347664        8.1814479502163467E-008
  -1.5400000102818012        1.4995511844150497E-006
  -1.5200000107288361        2.2669870479902759E-007
  -1.5000000111758709        7.3105110784669823E-007
  -1.4800000116229057        7.5339265501512567E-007
  -1.4600000120699406        1.4528355468216898E-006
  -1.4400000125169754        2.8882142666331494E-007
  -1.4200000129640102        1.0466050446126396E-006
  -1.4000000134110451        7.9686525684868605E-007
  -1.3800000138580799        2.6711169537879411E-007
  -1.3600000143051147        1.6905918692807722E-006
  -1.3400000147521496        7.1077581676588209E-007
  -1.3200000151991844        8.2789803339796510E-007
  -1.3000000156462193        5.0171851765205130E-007
  -1.2800000160932541        1.4040907450407705E-006
  -1.2600000165402889        7.7932315087968730E-008
  -1.2400000169873238        2.2368721514151906E-006
  -1.2200000174343586        1.4334615623584717E-007
  -1.2000000178813934        1.1671706588238629E-006
  -1.1800000183284283        7.2913889099558778E-007
  -1.1600000187754631        9.3593118506225708E-007
  -1.1400000192224979        9.6093726857432547E-007
  -1.1200000196695328        1.6292674650445432E-006
  -1.1000000201165676        5.0101104894046312E-007
  -1.0800000205636024        1.0961659548362953E-006
  -1.0600000210106373        8.9208734603452861E-007
  -1.0400000214576721        2.3930693932320909E-007
  -1.0200000219047070        1.8041934065803821E-006
  -1.0000000223517418        3.4055153253065186E-007
 -0.98000002279877663        1.5011273823925762E-006
 -0.96000002324581146        4.5855716838556029E-007
 -0.94000002369284630        3.2784534605593596E-007
 -0.92000002413988113        4.5801226930100804E-009
 -0.90000002458691597        5.4844655160286945E-007
 -0.88000002503395081        2.4590312020420636E-006
 -0.86000002548098564        5.1152975792354580E-006
 -0.84000002592802048        9.4367154005894195E-006
 -0.82000002637505531        7.7982421342956991E-006
 -0.80000002682209015        8.9528272447387781E-006
 -0.78000002726912498        1.9596450363792819E-005
 -0.76000002771615982        7.8609691984318308E-005
 -0.74000002816319466        2.5329460135983058E-004
 -0.72000002861022949        5.3504123174987774E-004
 -0.70000002905726433        9.2795611260146501E-004
 -0.68000002950429916        1.1446652777979908E-003
 -0.66000002995133400        1.0499536965446320E-003
 -0.64000003039836884        7.1314076581568877E-004
 -0.62000003084540367        1.0605152739688799E-003
 -0.60000003129243851        4.0056578135465896E-003
 -0.58000003173947334        1.1610399474947299E-002
 -0.56000003218650818        2.3522059181224471E-002
 -0.54000003263354301        3.6361986228715566E-002
 -0.52000003308057785        4.0956083640703043E-002
 -0.50000003352761269        3.2648581169675166E-002
 -0.48000003397464752        1.5441233842323196E-002
 -0.46000003442168236        1.4625464897040882E-002
 -0.44000003486871719        6.7765707360857394E-002
 -0.42000003531575203       0.19936741713913711     
 -0.40000003576278687       0.38846479493069574     
 -0.38000003620982170       0.55005463886712069     
 -0.36000003665685654       0.57052928318036655     
 -0.34000003710389137       0.40198152196366455     
 -0.32000003755092621       0.14352897871633508     
 -0.30000003799796104        6.4671226217452721E-002
 -0.28000003844499588       0.45631765198386681     
 -0.26000003889203072        1.3975580600019208     
 -0.24000003933906555        2.5857855005397097     
 -0.22000003978610039        3.3842792468887457     
 -0.20000004023313522        3.2302240024155342     
 -0.18000004068017006        2.0711298120207440     
 -0.16000004112720490       0.63121983056873410     
 -0.14000004157423973        6.6113499760613439E-002
 -0.12000004202127457        1.2319387835429572     
 -0.10000004246830940        3.9587972828169224     
  -8.0000042915344238E-002   6.9182103272741786     
  -6.0000043362379074E-002   8.4113713853338634     
  -4.0000043809413910E-002   7.3797259564308924     
  -2.0000044256448746E-002   4.4393018568473819     
  -4.4703483581542969E-008   1.2553635582862084     
   1.9999954849481583E-002   1.1181633133253387E-002
   3.9999954402446747E-002   2.6403728207513259E-005
   5.9999953955411911E-002   9.2744561653276586E-006
   7.9999953508377075E-002   2.5331744873900087E-006
   9.9999953061342239E-002   9.0158548130479870E-007
  0.11999995261430740        7.1992879310550931E-007
  0.13999995216727257        2.4016244072922486E-007
  0.15999995172023773        4.4105326042281118E-007
  0.17999995127320290        1.1728112078384035E-007
  0.19999995082616806        3.8192231156583494E-007
  0.21999995037913322        8.9749176257087809E-008
  0.23999994993209839        4.5157671856360527E-007
  0.25999994948506355        1.0581570176923950E-007
  0.27999994903802872        6.2581308591864591E-007
  0.29999994859099388        1.6069165857432015E-007
  0.31999994814395905        8.4116320756242811E-007
  0.33999994769692421        2.7378119341914578E-007
  0.35999994724988937        9.9611246405583936E-007
  0.37999994680285454        4.8140766392266527E-007
  0.39999994635581970        1.0081922909783456E-006
  0.41999994590878487        7.7033693997643122E-007
  0.43999994546175003        8.9978040541641613E-007
  0.45999994501471519        1.0850586240729918E-006
  0.47999994456768036        7.6321588097069357E-007
  0.49999994412064552        1.3578916403520164E-006
  0.51999994367361069        6.9344420636093837E-007
  0.53999994322657585        1.4990201352294081E-006
  0.55999994277954102        7.8783406440569501E-007
  0.57999994233250618        1.4265777451536654E-006
  0.59999994188547134        1.0811635721629779E-006
  0.61999994143843651        1.1683972510982319E-006
  0.63999994099140167        1.4702575480826226E-006
  0.65999994054436684        9.4084530113576028E-007
  0.67999994009733200        1.7343110583906945E-006
  0.69999993965029716        9.6883759481431730E-007
  0.71999993920326233        1.6663720671498694E-006
  0.73999993875622749        1.2923429283181820E-006
  0.75999993830919266        1.3319810625626493E-006
  0.77999993786215782        1.7378331024859427E-006
  0.79999993741512299        1.0739372156874327E-006
  0.81999993696808815        1.9168408444221116E-006
  0.83999993652105331        1.2115912044191424E-006
  0.85999993607401848        1.5849993337728778E-006
  0.87999993562698364        1.7063508382420730E-006
  0.89999993517994881        1.1383991401084518E-006
  0.91999993473291397        1.9834628255501651E-006
  0.93999993428587914        1.1993685781212149E-006
  0.95999993383884430        1.5666491942413323E-006
  0.97999993339180946        1.7378292543354730E-006
  0.99999993294477463        1.0696326842761273E-006
   1.0199999324977398        1.8950993799822165E-006
   1.0399999320507050        1.2585854594354778E-006
   1.0599999316036701        1.3037215805963214E-006
   1.0799999311566353        1.7938704287634295E-006
   1.0999999307096004        9.8184272365560661E-007
   1.1199999302625656        1.5775455352398923E-006
   1.1399999298155308        1.4371636410249961E-006
   1.1599999293684959        9.5734864145372132E-007
   1.1799999289214611        1.6700340337292691E-006
   1.1999999284744263        1.0910448813258886E-006
   1.2199999280273914        1.0522728431908739E-006
   1.2399999275803566        1.5766707152205685E-006
   1.2599999271333218        8.6154600660958743E-007
   1.2799999266862869        1.1449209162076543E-006
   1.2999999262392521        1.3960861397480610E-006
   1.3199999257922173        7.3270272167508114E-007
   1.3399999253451824        1.1830197812496151E-006
   1.3599999248981476        1.2133224199243772E-006
   1.3799999244511127        6.5656270604109859E-007
   1.3999999240040779        1.1653857835805787E-006
   1.4199999235570431        1.0685459501146813E-006
   1.4399999231100082        5.9694448908806980E-007
   1.4599999226629734        1.1074283785502216E-006
   1.4799999222159386        9.7192242965711493E-007
   1.4999999217689037        5.3792732046973204E-007
   1.5199999213218689        1.0199433147211189E-006
   1.5399999208748341        9.2115729640537436E-007
   1.5599999204277992        4.8070438062769961E-007
   1.5799999199807644        9.0369474573652291E-007
   1.5999999195337296        9.0739429646286374E-007
   1.6199999190866947        4.4024080423473526E-007
   1.6399999186396599        7.5469719025986963E-007
   1.6599999181926250        9.1034889920954168E-007
   1.6799999177455902        4.4216637322144048E-007
   1.6999999172985554        5.7724471575309620E-007
   1.7199999168515205        8.9047485290406169E-007
   1.7399999164044857        5.1219917098011114E-007
   1.7599999159574509        4.0096768347022365E-007
   1.7799999155104160        7.9510477448525234E-007
   1.7999999150633812        6.4647741162654930E-007
   1.8199999146163464        2.9086476942603903E-007
   1.8399999141693115        5.9732541114361131E-007
   1.8599999137222767        7.6875372415550012E-007
   1.8799999132752419        3.2696560527494214E-007
   1.8999999128282070        3.5359903358108258E-007
   1.9199999123811722        7.4005054025550946E-007
   1.9399999119341373        5.1817513261180266E-007
   1.9599999114871025        2.1762011881161762E-007
   1.9799999110400677        4.9844272197808179E-007
   1.9999999105930328        6.8623205073716896E-007
   2.0199999101459980        3.4161539111993708E-007
   2.0399999096989632        2.0933206662514061E-007
   2.0599999092519283        5.7776779208247290E-007
   2.0799999088048935        6.2627345963965039E-007
   2.0999999083578587        1.7668793642470505E-007
   2.1199999079108238        2.5496468537781105E-007
   2.1399999074637890        6.5939927606247621E-007
   2.1599999070167542        4.4870488658359890E-007
   2.1799999065697193        1.2901712881158217E-007
   2.1999999061226845        3.3707810644942854E-007
   2.2199999056756496        5.4999564526795051E-007
   2.2399999052286148        3.6857898773782109E-007
   2.2599999047815800        1.2467165925614644E-007
   2.2799999043345451        3.0093868762630166E-007
   2.2999999038875103        4.5101287085168379E-007
   2.3199999034404755        2.3389042055085504E-007
   2.3399999029934406        2.1490764027715553E-007
   2.3599999025464058        2.7368231145316540E-007
   2.3799999020993710        1.6904415884304120E-007
   2.3999999016523361        3.2780909408081183E-007
   2.4199999012053013        4.0349075291840929E-007
   2.4399999007582664        1.5716555343340573E-007
   2.4599999003112316        9.6294852169118448E-008
   2.4799998998641968        4.4918155955736562E-007
   2.4999998994171619        6.0240039088505369E-007
   2.5199998989701271        1.7466092699739588E-007
   2.5399998985230923        4.4062206396956704E-008
   2.5599998980760574        4.6380402642926153E-007
   2.5799998976290226        4.7675845502696720E-007
   2.5999998971819878        1.1934479822976978E-007
   2.6199998967349529        1.5380317247320907E-007
   2.6399998962879181        1.8241115299047771E-007
   2.6599998958408833        1.2695780953931174E-007
   2.6799998953938484        2.6551447514145104E-007
   2.6999998949468136        3.4624474274598573E-007
   2.7199998944997787        3.5330428388644575E-007
   2.7399998940527439        5.3070906344615552E-009
   2.7599998936057091        2.1378286776655195E-007
   2.7799998931586742        6.6564765774818315E-007
   2.7999998927116394        2.0126286158280347E-007
   2.8199998922646046        5.4666906138796843E-008
   2.8399998918175697        1.6923537611848793E-007
   2.8599998913705349        1.3947380305885351E-007
   2.8799998909235001        6.5252292975769814E-008
   2.8999998904764652        2.9196474727150692E-007
   2.9199998900294304        6.4239740947687553E-007
   2.9399998895823956        1.4657017179318013E-007
   2.9599998891353607        6.0058253084297115E-009
   2.9799998886883259        2.9379722558726392E-007
   2.9999998882412910        2.1675658639734765E-007
   3.0199998877942562        6.5200650671516726E-008
   3.0399998873472214        2.0344209408263045E-007
   3.0599998869001865        5.1306139677187831E-007
   3.0799998864531517        1.0769428910277408E-007
   3.0999998860061169        7.6902602248358017E-009
   3.1199998855590820        8.4342437273590423E-008
