  -2.0000000000000000        3.7605657888902164E-006
  -1.9800000004470348        1.6226099636189068E-007
  -1.9600000008940697        1.2276586402246556E-006
  -1.9400000013411045        6.3543766966097511E-007
  -1.9200000017881393        1.3005875098171515E-006
  -1.9000000022351742        1.6245016698699931E-007
  -1.8800000026822090        9.4988844535262756E-007
  -1.8600000031292439        2.0539174437551792E-006
  -1.8400000035762787        9.4475534092587851E-007
  -1.8200000040233135        2.1581084951755061E-007
  -1.8000000044703484        4.7815505910676380E-007
  -1.7800000049173832        1.5755105336957643E-006
  -1.7600000053644180        8.5494117612410074E-007
  -1.7400000058114529        1.2475073134082174E-006
  -1.7200000062584877        5.7487730090268007E-007
  -1.7000000067055225        9.0567693656558184E-007
  -1.6800000071525574        2.7887149496407624E-008
  -1.6600000075995922        2.3589391706978509E-006
  -1.6400000080466270        2.9486420222069235E-007
  -1.6200000084936619        3.6910825587927491E-007
  -1.6000000089406967        1.0438020450372864E-006
  -1.5800000093877316        1.5479173124301552E-006
  -1.5600000098347664        2.9566980439433722E-007
  -1.5400000102818012        2.3082792980616166E-007
  -1.5200000107288361        2.0042324277445151E-006
  -1.5000000111758709        9.9213215417480122E-008
  -1.4800000116229057        1.4486289382449633E-006
  -1.4600000120699406        4.6031657000637772E-007
  -1.4400000125169754        8.7515127042101661E-007
  -1.4200000129640102        5.5619973875818085E-007
  -1.4000000134110451        1.9974899030505800E-006
  -1.3800000138580799        8.7974733584418842E-008
  -1.3600000143051147        1.0264501070354439E-006
  -1.3400000147521496        1.0875954389779194E-006
  -1.3200000151991844        2.8489650238405187E-007
  -1.3000000156462193        1.8580039153073899E-006
  -1.2800000160932541        8.6174984906831472E-007
  -1.2600000165402889        7.6246827883296884E-007
  -1.2400000169873238        5.7863096186156319E-007
  -1.2200000174343586        1.5901422961759543E-006
  -1.2000000178813934        1.9809771273736658E-007
  -1.1800000183284283        2.4281581858392057E-006
  -1.1600000187754631        1.4819184318029736E-007
  -1.1400000192224979        9.7535390544144730E-007
  -1.1200000196695328        1.2430450043523369E-006
  -1.1000000201165676        4.1023907763279427E-007
  -1.0800000205636024        1.7883515439053634E-006
  -1.0600000210106373        9.5384983260147916E-007
  -1.0400000214576721        7.7109189319948837E-007
  -1.0200000219047070        7.6173131902623605E-007
  -1.0000000223517418        8.9849772341604697E-007
 -0.98000002279877663        1.5020386440195625E-007
 -0.96000002324581146        1.4551333569514604E-006
 -0.94000002369284630        2.9155153815487839E-007
 -0.92000002413988113        2.9927312741425985E-007
 -0.90000002458691597        2.6915461828159303E-006
 -0.88000002503395081        5.1644077515022295E-006
 -0.86000002548098564        7.7050028190715447E-006
 -0.84000002592802048        1.7912632285186055E-005
 -0.82000002637505531        1.1400639374065437E-005
 -0.80000002682209015        3.0822331968521815E-005
 -0.78000002726912498        6.9403586986441129E-005
 -0.76000002771615982        1.9395625561784800E-004
 -0.74000002816319466        4.5719410345786767E-004
 -0.72000002861022949        8.3919686372721915E-004
 -0.70000002905726433        1.2208141325881655E-003
 -0.68000002950429916        1.4486403049865145E-003
 -0.66000002995133400        1.2886085119341560E-003
 -0.64000003039836884        1.4334327582535774E-003
 -0.62000003084540367        2.8644913632797676E-003
 -0.60000003129243851        7.9768239650945382E-003
 -0.58000003173947334        1.7787337947569599E-002
 -0.56000003218650818        3.1023431655521402E-002
 -0.54000003263354301        4.2401632882141591E-002
 -0.52000003308057785        4.3713989556030022E-002
 -0.50000003352761269        3.3176074019735539E-002
 -0.48000003397464752        2.1207690146126616E-002
 -0.46000003442168236        3.6453996355559952E-002
 -0.44000003486871719       0.11464447603748899     
 -0.42000003531575203       0.26555646962251050     
 -0.40000003576278687       0.45418398240333274     
 -0.38000003620982170       0.58431878672265247     
 -0.36000003665685654       0.56023432009848639     
 -0.34000003710389137       0.36648147868054698     
 -0.32000003755092621       0.13946949371852865     
 -0.30000003799796104       0.15183472766802086     
 -0.28000003844499588       0.64904707319143207     
 -0.26000003889203072        1.6342357794455344     
 -0.24000003933906555        2.7532165205431691     
 -0.22000003978610039        3.3856681599211833     
 -0.20000004023313522        3.0699925318687851     
 -0.18000004068017006        1.8599830411267382     
 -0.16000004112720490       0.52650581141619335     
 -0.14000004157423973       0.14833424991820468     
 -0.12000004202127457        1.4381589688638445     
 -0.10000004246830940        4.1225848583403746     
  -8.0000042915344238E-002   6.8871858975745717     
  -6.0000043362379074E-002   8.1741088198240544     
  -4.0000043809413910E-002   7.0640559195446402     
  -2.0000044256448746E-002   4.2112080259926152     
  -4.4703483581542969E-008   1.1847339363170770     
   1.9999954849481583E-002   1.0495054389165044E-002
   3.9999954402446747E-002   2.5815750889775413E-005
   5.9999953955411911E-002   7.8060248211145710E-006
   7.9999953508377075E-002   2.4742269592415128E-006
   9.9999953061342239E-002   8.0103649069511436E-007
  0.11999995261430740        5.5286501059283090E-007
  0.13999995216727257        3.3751649690632987E-007
  0.15999995172023773        2.4303840100034946E-007
  0.17999995127320290        2.4806738227742902E-007
  0.19999995082616806        1.7517070046811757E-007
  0.21999995037913322        2.4812188491533878E-007
  0.23999994993209839        1.7953863375777002E-007
  0.25999994948506355        3.5548541010839389E-007
  0.27999994903802872        2.0490015627151588E-007
  0.29999994859099388        5.5351303094646923E-007
  0.31999994814395905        2.5256085495260873E-007
  0.33999994769692421        7.7366654194909879E-007
  0.35999994724988937        3.4343211317754355E-007
  0.37999994680285454        9.6473859209710923E-007
  0.39999994635581970        4.7905696770775994E-007
  0.41999994590878487        1.0594109896933455E-006
  0.43999994546175003        6.8712857108000029E-007
  0.45999994501471519        1.0031803994960262E-006
  0.47999994456768036        9.6448283946168054E-007
  0.49999994412064552        8.6918199372513271E-007
  0.51999994367361069        1.2182331665742251E-006
  0.53999994322657585        7.8039006564499996E-007
  0.55999994277954102        1.3836244629429342E-006
  0.57999994233250618        8.0385400424008964E-007
  0.59999994188547134        1.4135902684788006E-006
  0.61999994143843651        9.7990867683131927E-007
  0.63999994099140167        1.2571478340885767E-006
  0.65999994054436684        1.3024484162893391E-006
  0.67999994009733200        1.0327272219350367E-006
  0.69999993965029716        1.5988923705020304E-006
  0.71999993920326233        9.8017984318862788E-007
  0.73999993875622749        1.6348832821327590E-006
  0.75999993830919266        1.1986364114084504E-006
  0.77999993786215782        1.3930263514225354E-006
  0.79999993741512299        1.5607251912092226E-006
  0.81999993696808815        1.1426529150238568E-006
  0.83999993652105331        1.7899957958367361E-006
  0.85999993607401848        1.1718593119385071E-006
  0.87999993562698364        1.6097567554404495E-006
  0.89999993517994881        1.5191037355636167E-006
  0.91999993473291397        1.2296311475108867E-006
  0.93999993428587914        1.8322671920491561E-006
  0.95999993383884430        1.1615799036069267E-006
  0.97999993339180946        1.6101494733242364E-006
  0.99999993294477463        1.5386417762205567E-006
   1.0199999324977398        1.1613969765744176E-006
   1.0399999320507050        1.7909177582204908E-006
   1.0599999316036701        1.1684629008746822E-006
   1.0799999311566353        1.4032628857622427E-006
   1.0999999307096004        1.6014687224329070E-006
   1.1199999302625656        1.0189116281867747E-006
   1.1399999298155308        1.5940762166314860E-006
   1.1599999293684959        1.2676706320860710E-006
   1.1799999289214611        1.0642073382096388E-006
   1.1999999284744263        1.5858531879887052E-006
   1.2199999280273914        1.0004528838528151E-006
   1.2399999275803566        1.1712548631245185E-006
   1.2599999271333218        1.4265137779403064E-006
   1.2799999266862869        8.4915522089069838E-007
   1.2999999262392521        1.2418364902105763E-006
   1.3199999257922173        1.2225915529684179E-006
   1.3399999253451824        7.7671458471041985E-007
   1.3599999248981476        1.2470991773155545E-006
   1.3799999244511127        1.0421421529139824E-006
   1.3999999240040779        7.3520042147945750E-007
   1.4199999235570431        1.2019864757991674E-006
   1.4399999231100082        9.0718252004898369E-007
   1.4599999226629734        6.9332984379375949E-007
   1.4799999222159386        1.1306861657087575E-006
   1.4999999217689037        8.1747510646556702E-007
   1.5199999213218689        6.3769947398089035E-007
   1.5399999208748341        1.0481882407331692E-006
   1.5599999204277992        7.6848016856113994E-007
   1.5799999199807644        5.6746472803467872E-007
   1.5999999195337296        9.5622172241972375E-007
   1.6199999190866947        7.5728525086717296E-007
   1.6399999186396599        4.9126801364421141E-007
   1.6599999181926250        8.4621718319692533E-007
   1.6799999177455902        7.7908432562652833E-007
   1.6999999172985554        4.2769716966990475E-007
   1.7199999168515205        7.0718718272601435E-007
   1.7399999164044857        8.1670205187816848E-007
   1.7599999159574509        4.0556678014911286E-007
   1.7799999155104160        5.3952699918308520E-007
   1.7999999150633812        8.2983760222914910E-007
   1.8199999146163464        4.5499387159203663E-007
   1.8399999141693115        3.7136371904557588E-007
   1.8599999137222767        7.6273185987198333E-007
   1.8799999132752419        5.7624656277419384E-007
   1.8999999128282070        2.6587273036427117E-007
   1.9199999123811722        5.8827294306266831E-007
   1.9399999119341373        6.9473383114706758E-007
   1.9599999114871025        2.9863835932534028E-007
   1.9799999110400677        3.6110955627507375E-007
   1.9999999105930328        6.8011521383506890E-007
   2.0199999101459980        4.7026134572492604E-007
   2.0399999096989632        2.1382024516012582E-007
   2.0599999092519283        4.9086157304722101E-007
   2.0799999088048935        6.1057392474458515E-007
   2.0999999083578587        2.5736107854634257E-007
   2.1199999079108238        2.6963578534683721E-007
   2.1399999074637890        5.4269252354205671E-007
   2.1599999070167542        3.8320818339547622E-007
   2.1799999065697193        2.1422834222824902E-007
   2.1999999061226845        3.8053509787247718E-007
   2.2199999056756496        3.3833079693829245E-007
   2.2399999052286148        2.8283286331818433E-007
   2.2599999047815800        3.9423253511245505E-007
   2.2799999043345451        2.2669907682934951E-007
   2.2999999038875103        1.8482909166587532E-007
   2.3199999034404755        5.3249897341260559E-007
   2.3399999029934406        3.8687006564663103E-007
   2.3599999025464058        8.3072696684877345E-008
   2.3799999020993710        3.4245436545794969E-007
   2.3999999016523361        6.0257261915494811E-007
   2.4199999012053013        3.5665850975872718E-007
   2.4399999007582664        5.8142211505844499E-008
   2.4599999003112316        3.4950093665619288E-007
   2.4799998998641968        5.3053539828441261E-007
   2.4999998994171619        1.1217734907212588E-007
   2.5199998989701271        1.6880707614525278E-007
   2.5399998985230923        3.2523708811134072E-007
   2.5599998980760574        7.5272940449983112E-008
   2.5799998976290226        3.1639671500977497E-007
   2.5999998971819878        4.9867876603952164E-007
   2.6199998967349529        9.8246393256442747E-008
   2.6399998962879181        1.1090064568055917E-007
   2.6599998958408833        5.4244079039614644E-007
   2.6799998953938484        4.2511849121252297E-007
   2.6999998949468136        7.0849525444877149E-008
   2.7199998944997787        1.3912334723149009E-007
   2.7399998940527439        2.9765905771302445E-007
   2.7599998936057091        8.3495848906714333E-008
   2.7799998931586742        2.2431335976038225E-007
   2.7999998927116394        5.6955738171512345E-007
   2.8199998922646046        5.9882560721057601E-008
   2.8399998918175697        6.1336155585647653E-008
   2.8599998913705349        5.2421880507090515E-007
   2.8799998909235001        2.6388538600080236E-007
   2.8999998904764652        6.7876684267703517E-008
   2.9199998900294304        1.9422533915658139E-007
   2.9399998895823956        2.4204686094976991E-007
   2.9599998891353607        1.3031150748446737E-008
   2.9799998886883259        2.9376250328236127E-007
   2.9999998882412910        6.1670025438755138E-007
   3.0199998877942562        1.2131598906549514E-007
   3.0399998873472214        6.1313816203670710E-008
   3.0599998869001865        2.2002305855375534E-007
   3.0799998864531517        1.1060902987266853E-007
   3.0999998860061169        5.4715561468582201E-008
   3.1199998855590820        1.3216404329141511E-007
