  -2.0000000000000000        8.1487013199368748E-007
  -1.9800000004470348        1.5214510745994059E-007
  -1.9600000008940697        3.0082524133795103E-006
  -1.9400000013411045        4.1927115187289357E-007
  -1.9200000017881393        3.2167347822835480E-007
  -1.9000000022351742        1.2332498216084772E-006
  -1.8800000026822090        8.0390923928503601E-007
  -1.8600000031292439        6.8812928612879375E-007
  -1.8400000035762787        5.6024691366544716E-007
  -1.8200000040233135        2.4242735721818415E-006
  -1.8000000044703484        7.3634731172056017E-008
  -1.7800000049173832        7.3425149101346921E-007
  -1.7600000053644180        4.5453204811578946E-007
  -1.7400000058114529        1.2720033147279505E-006
  -1.7200000062584877        8.4887785621706328E-007
  -1.7000000067055225        1.2846333714682400E-006
  -1.6800000071525574        5.8152088226824740E-007
  -1.6600000075995922        2.0535073268277121E-007
  -1.6400000080466270        1.3587493316699092E-006
  -1.6200000084936619        6.5665857139977081E-007
  -1.6000000089406967        1.1605956124052323E-006
  -1.5800000093877316        3.9272267099975196E-007
  -1.5600000098347664        1.2301519888049299E-006
  -1.5400000102818012        6.1159008069686633E-008
  -1.5200000107288361        1.7924952054689967E-006
  -1.5000000111758709        4.8146267153718170E-007
  -1.4800000116229057        2.3116861493999704E-007
  -1.4600000120699406        1.6639435233118461E-006
  -1.4400000125169754        7.5294967974548908E-007
  -1.4200000129640102        8.2053234435918287E-007
  -1.4000000134110451        3.7203174116090211E-007
  -1.3800000138580799        1.5805148500327743E-006
  -1.3600000143051147        2.0497663854727271E-007
  -1.3400000147521496        2.0272365238060004E-006
  -1.3200000151991844        2.2410653710498785E-007
  -1.3000000156462193        5.1921405704013295E-007
  -1.2800000160932541        1.7016797290605578E-006
  -1.2600000165402889        4.3155063174939369E-007
  -1.2400000169873238        1.6520977040354997E-006
  -1.2200000174343586        6.9110101720893616E-007
  -1.2000000178813934        8.1235199974779805E-007
  -1.1800000183284283        6.6524743479351435E-007
  -1.1600000187754631        1.8512095311884141E-006
  -1.1400000192224979        3.8794163322580523E-007
  -1.1200000196695328        1.7730381015446753E-006
  -1.1000000201165676        4.5996915574822376E-007
  -1.0800000205636024        3.8773971691637295E-007
  -1.0600000210106373        1.7791081419819092E-006
  -1.0400000214576721        1.5605753012562157E-007
  -1.0200000219047070        1.7507371354071054E-006
  -1.0000000223517418        4.1046192073041405E-007
 -0.98000002279877663        3.5351144721552192E-007
 -0.96000002324581146        1.0407407456114660E-007
 -0.94000002369284630        1.4975396686015520E-006
 -0.92000002413988113        9.9132810802596054E-007
 -0.90000002458691597        7.6058458302629373E-006
 -0.88000002503395081        9.5738850234988714E-006
 -0.86000002548098564        1.8031206293259988E-005
 -0.84000002592802048        2.4820730071089283E-005
 -0.82000002637505531        3.9696911846921619E-005
 -0.80000002682209015        6.7224746753567747E-005
 -0.78000002726912498        1.9288691053610877E-004
 -0.76000002771615982        3.7074245287351746E-004
 -0.74000002816319466        7.9040522768791626E-004
 -0.72000002861022949        1.2184451282835072E-003
 -0.70000002905726433        1.6561674387083854E-003
 -0.68000002950429916        1.9011681200764043E-003
 -0.66000002995133400        1.9878019035075934E-003
 -0.64000003039836884        2.9209762883416232E-003
 -0.62000003084540367        6.1308875042809362E-003
 -0.60000003129243851        1.3535589222388898E-002
 -0.58000003173947334        2.5645949749663041E-002
 -0.56000003218650818        3.9450121436390539E-002
 -0.54000003263354301        4.8875996224532009E-002
 -0.52000003308057785        4.7802028598661679E-002
 -0.50000003352761269        3.7587626142147869E-002
 -0.48000003397464752        3.5408178827943108E-002
 -0.46000003442168236        7.0493823020584906E-002
 -0.44000003486871719       0.17315894535563403     
 -0.42000003531575203       0.33872394536479028     
 -0.40000003576278687       0.51809478585557323     
 -0.38000003620982170       0.61292648447589482     
 -0.36000003665685654       0.54934852742413742     
 -0.34000003710389137       0.34513654383369896     
 -0.32000003755092621       0.16660280344781098     
 -0.30000003799796104       0.27529673149572326     
 -0.28000003844499588       0.86506161613209420     
 -0.26000003889203072        1.8676388867608051     
 -0.24000003933906555        2.8927055412644926     
 -0.22000003978610039        3.3557800997963159     
 -0.20000004023313522        2.8969196961751806     
 -0.18000004068017006        1.6663699425106226     
 -0.16000004112720490       0.45660551634489305     
 -0.14000004157423973       0.25803557559846085     
 -0.12000004202127457        1.6440304612244161     
 -0.10000004246830940        4.2553182987287768     
  -8.0000042915344238E-002   6.8111679943554115     
  -6.0000043362379074E-002   7.8959694309684654     
  -4.0000043809413910E-002   6.7240866207342842     
  -2.0000044256448746E-002   3.9728727252535831     
  -4.4703483581542969E-008   1.1120350965524228     
   1.9999954849481583E-002   9.8537352483311670E-003
   3.9999954402446747E-002   2.2369495854966315E-005
   5.9999953955411911E-002   8.7482303036453865E-006
   7.9999953508377075E-002   1.6362945581854300E-006
   9.9999953061342239E-002   1.2009172305342318E-006
  0.11999995261430740        2.9877856241475376E-007
  0.13999995216727257        4.5377181927130359E-007
  0.15999995172023773        1.7914818505708898E-007
  0.17999995127320290        2.7668343197659158E-007
  0.19999995082616806        1.6996659100974194E-007
  0.21999995037913322        2.3379172713031003E-007
  0.23999994993209839        2.1713925290513622E-007
  0.25999994948506355        2.3332152323068118E-007
  0.27999994903802872        3.4692694057949512E-007
  0.29999994859099388        2.6359644345076697E-007
  0.31999994814395905        5.4590058292279023E-007
  0.33999994769692421        3.0661243139465170E-007
  0.35999994724988937        7.9459028054274375E-007
  0.37999994680285454        3.5706425716083100E-007
  0.39999994635581970        1.0083215370111110E-006
  0.41999994590878487        4.8097671661909803E-007
  0.43999994546175003        1.0749280469579296E-006
  0.45999994501471519        6.9478276925259197E-007
  0.47999994456768036        1.0207860203012682E-006
  0.49999994412064552        9.4125613631088291E-007
  0.51999994367361069        8.9672145046293645E-007
  0.53999994322657585        1.2003028263629069E-006
  0.55999994277954102        7.6164563720827121E-007
  0.57999994233250618        1.4010544768552895E-006
  0.59999994188547134        7.6939140755528447E-007
  0.61999994143843651        1.4017885474718900E-006
  0.63999994099140167        9.8244606564032772E-007
  0.65999994054436684        1.2244802776649351E-006
  0.67999994009733200        1.2872521315810483E-006
  0.69999993965029716        1.0192731590917149E-006
  0.71999993920326233        1.5555401371028435E-006
  0.73999993875622749        9.4845094243682127E-007
  0.75999993830919266        1.6296743589197137E-006
  0.77999993786215782        1.1522005596203807E-006
  0.79999993741512299        1.3694718368514548E-006
  0.81999993696808815        1.5569045980995069E-006
  0.83999993652105331        1.0717643943308228E-006
  0.85999993607401848        1.7804835509327715E-006
  0.87999993562698364        1.1465591363688265E-006
  0.89999993517994881        1.5497082511070719E-006
  0.91999993473291397        1.5199140690066477E-006
  0.93999993428587914        1.1785327823602111E-006
  0.95999993383884430        1.7788693541925613E-006
  0.97999993339180946        1.1493011211587826E-006
  0.99999993294477463        1.5713059453306924E-006
   1.0199999324977398        1.4941728551485443E-006
   1.0399999320507050        1.1359186121276351E-006
   1.0599999316036701        1.7563728125979238E-006
   1.0799999311566353        1.1278284479429520E-006
   1.0999999307096004        1.3962593995665412E-006
   1.1199999302625656        1.5610216681305835E-006
   1.1399999298155308        9.7823073346270530E-007
   1.1599999293684959        1.6054074996916447E-006
   1.1799999289214611        1.2236836130045460E-006
   1.1999999284744263        1.0394049566587002E-006
   1.2199999280273914        1.5964884547491709E-006
   1.2399999275803566        9.5545022794723522E-007
   1.2599999271333218        1.1723686601955092E-006
   1.2799999266862869        1.4258932599408704E-006
   1.2999999262392521        8.0835001093215901E-007
   1.3199999257922173        1.2632615579695868E-006
   1.3399999253451824        1.2096311124677284E-006
   1.3599999248981476        7.4666060064484216E-007
   1.3799999244511127        1.2788973531193711E-006
   1.3999999240040779        1.0190290491517427E-006
   1.4199999235570431        7.1893227243246673E-007
   1.4399999231100082        1.2386369828356846E-006
   1.4599999226629734        8.7579366882381922E-007
   1.4799999222159386        6.8938194670358693E-007
   1.4999999217689037        1.1725600713513653E-006
   1.5199999213218689        7.7790077839585911E-007
   1.5399999208748341        6.4174524217210347E-007
   1.5599999204277992        1.1002979474645533E-006
   1.5799999199807644        7.1899341380990871E-007
   1.5999999195337296        5.7327772712518699E-007
   1.6199999190866947        1.0267410009072794E-006
   1.6399999186396599        6.9610621591847709E-007
   1.6599999181926250        4.8996279483617758E-007
   1.6799999177455902        9.4417730371986602E-007
   1.6999999172985554        7.0878248747493179E-007
   1.7199999168515205        4.0584360371587808E-007
   1.7399999164044857        8.3754913801755791E-007
   1.7599999159574509        7.5133106044530441E-007
   1.7799999155104160        3.4380972635997891E-007
   1.7999999150633812        6.9552032285793159E-007
   1.8199999146163464        7.9989622008310855E-007
   1.8399999141693115        3.3182390462486514E-007
   1.8599999137222767        5.2791869590023245E-007
   1.8799999132752419        8.0494269438161702E-007
   1.8999999128282070        3.8615694374948163E-007
   1.9199999123811722        3.7767111728935667E-007
   1.9399999119341373        7.1551461258320371E-007
   1.9599999114871025        4.7661872530127254E-007
   1.9799999110400677        3.0707246790841527E-007
   1.9999999105930328        5.4450808083572963E-007
   2.0199999101459980        5.0605911928589559E-007
   2.0399999096989632        3.4971960126301958E-007
   2.0599999092519283        4.0206536686771905E-007
   2.0799999088048935        3.9674844951513260E-007
   2.0999999083578587        4.3434430483108809E-007
   2.1199999079108238        4.1677109183279907E-007
   2.1399999074637890        2.4965415984388952E-007
   2.1599999070167542        3.8364379855290115E-007
   2.1799999065697193        5.8665251053919569E-007
   2.1999999061226845        2.9202681543156566E-007
   2.2199999056756496        1.7394663156369206E-007
   2.2399999052286148        6.4485265758530798E-007
   2.2599999047815800        5.7332465505603806E-007
   2.2799999043345451        7.8939825264509852E-008
   2.2999999038875103        3.8119765813578280E-007
   2.3199999034404755        6.9737185022219235E-007
   2.3399999029934406        2.3357865802152539E-007
   2.3599999025464058        1.4039420101862281E-007
   2.3799999020993710        4.4299429172609403E-007
   2.3999999016523361        2.8261913661968916E-007
   2.4199999012053013        2.1602804787203849E-007
   2.4399999007582664        3.9509594137140825E-007
   2.4599999003112316        9.5739989219512012E-008
   2.4799998998641968        2.4177548055730411E-007
   2.4999998994171619        7.4629171605597879E-007
   2.5199998989701271        1.8043995794172855E-007
   2.5399998985230923        3.7793842518032463E-008
   2.5599998980760574        6.3022377833387242E-007
   2.5799998976290226        3.2938986466690350E-007
   2.5999998971819878        9.5687827600523500E-008
   2.6199998967349529        3.2214796955393578E-007
   2.6399998962879181        1.2788003287096437E-007
   2.6599998958408833        1.3276079810743643E-007
   2.6799998953938484        5.4756991232782713E-007
   2.6999998949468136        3.7487449966242782E-007
   2.7199998944997787        1.4840155156417437E-008
   2.7399998940527439        3.3790921782409954E-007
   2.7599998936057091        5.0234550057764304E-007
   2.7799998931586742        1.2540928311837008E-007
   2.7999998927116394        1.2149330448358311E-007
   2.8199998922646046        3.3135647445339291E-007
   2.8399998918175697        8.2438700638798442E-009
   2.8599998913705349        2.7753542431404081E-007
   2.8799998909235001        7.0970144550392829E-007
   2.8999998904764652        1.4004594543546051E-007
   2.9199998900294304        6.2558517479219577E-008
   2.9399998895823956        2.8192172932886546E-007
   2.9599998891353607        8.7548584323576153E-008
   2.9799998886883259        2.3531066643846305E-007
   2.9999998882412910        4.7507676609933929E-007
   3.0199998877942562        2.8103185175220429E-007
   3.0399998873472214        5.3656624932854128E-008
   3.0599998869001865        3.3464724525856687E-007
   3.0799998864531517        1.8191490626335501E-007
   3.0999998860061169        2.9904009728854395E-008
   3.1199998855590820        2.6844012975867421E-007
