  -2.0000000000000000        1.0455518672906852E-006
  -1.9800000004470348        2.1491467986833502E-007
  -1.9600000008940697        1.7407941567656592E-006
  -1.9400000013411045        1.8863658488336166E-008
  -1.9200000017881393        1.0266000250494591E-006
  -1.9000000022351742        2.3772733791347060E-006
  -1.8800000026822090        1.8891385686013806E-007
  -1.8600000031292439        2.3808277501604122E-007
  -1.8400000035762787        2.2046461679643532E-007
  -1.8200000040233135        2.5207420101022864E-006
  -1.8000000044703484        1.4036204680991626E-007
  -1.7800000049173832        8.3601973207080425E-007
  -1.7600000053644180        1.3951819051751470E-006
  -1.7400000058114529        5.2624221873788204E-007
  -1.7200000062584877        3.7457843253315455E-007
  -1.7000000067055225        5.7745537560705844E-007
  -1.6800000071525574        2.1410986592165690E-006
  -1.6600000075995922        9.0798964979121905E-008
  -1.6400000080466270        1.0657425724679786E-006
  -1.6200000084936619        3.6450667889864673E-007
  -1.6000000089406967        7.7274789774451531E-007
  -1.5800000093877316        1.1790017277433708E-006
  -1.5600000098347664        9.4703410421031144E-007
  -1.5400000102818012        7.3423409781053717E-007
  -1.5200000107288361        3.3478854873692610E-007
  -1.5000000111758709        1.5763565551552896E-006
  -1.4800000116229057        2.1347735998139054E-009
  -1.4600000120699406        1.7476465929753748E-006
  -1.4400000125169754        5.4512640944222410E-007
  -1.4200000129640102        3.2682582507361502E-007
  -1.4000000134110451        1.4947826814264682E-006
  -1.3800000138580799        7.8710672906676727E-007
  -1.3600000143051147        1.0212705022041377E-006
  -1.3400000147521496        4.3525763826319786E-007
  -1.3200000151991844        1.3540674148988979E-006
  -1.3000000156462193        3.8921434670006687E-007
  -1.2800000160932541        1.9267262650725674E-006
  -1.2600000165402889        3.5113807827913274E-007
  -1.2400000169873238        5.3965566881392445E-007
  -1.2200000174343586        1.7690701835125440E-006
  -1.2000000178813934        7.8343597411162800E-008
  -1.1800000183284283        2.1664262246456627E-006
  -1.1600000187754631        2.9045501080748792E-007
  -1.1400000192224979        8.5270617709616161E-007
  -1.1200000196695328        1.0593070578022114E-006
  -1.1000000201165676        8.6951458973401692E-007
  -1.0800000205636024        1.1201825524618618E-006
  -1.0600000210106373        1.0236362371353034E-006
  -1.0400000214576721        5.4085311376760618E-007
  -1.0200000219047070        2.8452282498822062E-007
  -1.0000000223517418        1.2485498326870266E-006
 -0.98000002279877663        1.0455158013726830E-007
 -0.96000002324581146        1.5594992158295744E-006
 -0.94000002369284630        2.5312778814132144E-006
 -0.92000002413988113        5.7500757379237299E-006
 -0.90000002458691597        1.0961983682503397E-005
 -0.88000002503395081        2.4738155260484461E-005
 -0.86000002548098564        2.6859484368312791E-005
 -0.84000002592802048        5.9945373605689405E-005
 -0.82000002637505531        7.9193168700118639E-005
 -0.80000002682209015        1.8126954425134840E-004
 -0.78000002726912498        3.6853218575920395E-004
 -0.76000002771615982        6.9444741843601788E-004
 -0.74000002816319466        1.2302234492902915E-003
 -0.72000002861022949        1.7535064448963504E-003
 -0.70000002905726433        2.3030555681347862E-003
 -0.68000002950429916        2.6792788719266470E-003
 -0.66000002995133400        3.4070873836253572E-003
 -0.64000003039836884        5.5848629213521243E-003
 -0.62000003084540367        1.1090511536166076E-002
 -0.60000003129243851        2.0905484296072273E-002
 -0.58000003173947334        3.5184088343308995E-002
 -0.56000003218650818        4.8632376080057160E-002
 -0.54000003263354301        5.6605943399813424E-002
 -0.52000003308057785        5.4022939585716502E-002
 -0.50000003352761269        4.8175135751246906E-002
 -0.48000003397464752        5.9361007588069323E-002
 -0.46000003442168236       0.11717178069785525     
 -0.44000003486871719       0.24161860290478529     
 -0.42000003531575203       0.41601354084638892     
 -0.40000003576278687       0.57816249385200080     
 -0.38000003620982170       0.63658695805206500     
 -0.36000003665685654       0.54121866003023233     
 -0.34000003710389137       0.34202683227384112     
 -0.32000003755092621       0.22525044047862888     
 -0.30000003799796104       0.43044491133833385     
 -0.28000003844499588        1.0945544032525525     
 -0.26000003889203072        2.0892009741728677     
 -0.24000003933906555        2.9995961417873169     
 -0.22000003978610039        3.2970945033709578     
 -0.20000004023313522        2.7163210808817180     
 -0.18000004068017006        1.4935016699845132     
 -0.16000004112720490       0.41947111413615834     
 -0.14000004157423973       0.38805419076928377     
 -0.12000004202127457        1.8430558884064470     
 -0.10000004246830940        4.3542382499457188     
  -8.0000042915344238E-002   6.6945122202750769     
  -6.0000043362379074E-002   7.5844044253801481     
  -4.0000043809413910E-002   6.3680125187044814     
  -2.0000044256448746E-002   3.7289639035790390     
  -4.4703483581542969E-008   1.0388302048455245     
   1.9999954849481583E-002   9.1836257558374698E-003
   3.9999954402446747E-002   2.2730697407944268E-005
   5.9999953955411911E-002   6.6884021759454117E-006
   7.9999953508377075E-002   2.5758215244912644E-006
   9.9999953061342239E-002   4.3397091717303221E-007
  0.11999995261430740        7.9667534183446441E-007
  0.13999995216727257        8.0864643263500388E-008
  0.15999995172023773        4.6178536321991450E-007
  0.17999995127320290        6.8523055785514121E-008
  0.19999995082616806        3.5017642559552931E-007
  0.21999995037913322        8.8156546838355261E-008
  0.23999994993209839        3.1792851952129691E-007
  0.25999994948506355        1.4144588529912388E-007
  0.27999994903802872        3.5074309540591193E-007
  0.29999994859099388        2.6977379505609911E-007
  0.31999994814395905        4.0036978403693888E-007
  0.33999994769692421        4.9130886753047084E-007
  0.35999994724988937        4.1119845224246157E-007
  0.37999994680285454        7.6348687742136651E-007
  0.39999994635581970        4.2493215204089301E-007
  0.41999994590878487        9.9934166839211280E-007
  0.43999994546175003        4.7767950340169465E-007
  0.45999994501471519        1.1500441054988296E-006
  0.47999994456768036        5.9871128071024976E-007
  0.49999994412064552        1.1543803425755887E-006
  0.51999994367361069        8.2732091589239025E-007
  0.53999994322657585        1.0013578449334231E-006
  0.55999994277954102        1.1078223387601521E-006
  0.57999994233250618        8.2847954185254691E-007
  0.59999994188547134        1.3381847291697820E-006
  0.61999994143843651        7.5433624609713213E-007
  0.63999994099140167        1.4479557525566086E-006
  0.65999994054436684        8.5367484992174444E-007
  0.67999994009733200        1.3533772849075552E-006
  0.69999993965029716        1.1527326278252454E-006
  0.71999993920326233        1.0800602802512486E-006
  0.73999993875622749        1.5027116717516485E-006
  0.75999993830919266        9.1515558217912424E-007
  0.77999993786215782        1.6407480056398955E-006
  0.79999993741512299        1.0465711331786759E-006
  0.81999993696808815        1.4610892515874940E-006
  0.83999993652105331        1.3997245103611720E-006
  0.85999993607401848        1.1318746931418889E-006
  0.87999993562698364        1.7349567574059921E-006
  0.89999993517994881        1.0295635875761836E-006
  0.91999993473291397        1.6720805105174692E-006
  0.93999993428587914        1.3547345015271811E-006
  0.95999993383884430        1.2172826508112648E-006
  0.97999993339180946        1.7631907493889007E-006
  0.99999993294477463        1.0414790898839455E-006
   1.0199999324977398        1.6459977311624833E-006
   1.0399999320507050        1.3782842385468743E-006
   1.0599999316036701        1.1610365524136354E-006
   1.0799999311566353        1.7183319806282550E-006
   1.0999999307096004        1.0467662857649350E-006
   1.1199999302625656        1.4801988243178593E-006
   1.1399999298155308        1.4207568763892621E-006
   1.1599999293684959        1.0052436669337070E-006
   1.1799999289214611        1.6316913667376232E-006
   1.1999999284744263        1.0705178496441645E-006
   1.2199999280273914        1.1632446052955339E-006
   1.2399999275803566        1.5218550498125116E-006
   1.2599999271333218        8.5564508198133686E-007
   1.2799999266862869        1.3346140302430883E-006
   1.2999999262392521        1.2767866223916498E-006
   1.3199999257922173        7.8469481660720194E-007
   1.3399999253451824        1.4101740696018158E-006
   1.3599999248981476        1.0287509950863741E-006
   1.3799999244511127        7.9221011867983116E-007
   1.3999999240040779        1.3862387602747025E-006
   1.4199999235570431        8.3509484818473937E-007
   1.4399999231100082        8.1502410724915148E-007
   1.4599999226629734        1.3072576000721847E-006
   1.4799999222159386        6.9913416919209794E-007
   1.4999999217689037        8.1830967258023144E-007
   1.5199999213218689        1.2157215159030437E-006
   1.5399999208748341        6.0552678442746749E-007
   1.5599999204277992        7.9130643685597211E-007
   1.5799999199807644        1.1353979620263285E-006
   1.5999999195337296        5.4043481517618171E-007
   1.6199999190866947        7.3509520274780126E-007
   1.6399999186396599        1.0724504498325671E-006
   1.6599999181926250        4.9816944515745005E-007
   1.6799999177455902        6.5487177686366145E-007
   1.6999999172985554        1.0192083996144322E-006
   1.7199999168515205        4.8037469210125906E-007
   1.7399999164044857        5.5933340231411563E-007
   1.7599999159574509        9.5638016915349192E-007
   1.7799999155104160        4.9034744767398935E-007
   1.7999999150633812        4.6481778507986199E-007
   1.8199999146163464        8.5837698246172671E-007
   1.8399999141693115        5.2228048194421662E-007
   1.8599999137222767        3.9913858488967170E-007
   1.8799999132752419        7.1030683408852618E-007
   1.8999999128282070        5.4796435960362636E-007
   1.9199999123811722        3.9811275591673423E-007
   1.9399999119341373        5.3575339888382537E-007
   1.9599999114871025        5.1589384339955001E-007
   1.9799999110400677        4.8643536694150706E-007
   1.9999999105930328        4.1041527997308973E-007
   2.0199999101459980        3.8781628231493193E-007
   2.0399999096989632        6.3332082501164690E-007
   2.0599999092519283        4.3202747843710436E-007
   2.0799999088048935        2.0296640755233244E-007
   2.0999999083578587        7.0796942021246918E-007
   2.1199999079108238        6.3087675731604942E-007
   2.1399999074637890        8.6099144941108174E-008
   2.1599999070167542        5.7030016417913098E-007
   2.1799999065697193        8.2194189837454809E-007
   2.1999999061226845        1.3315274981307499E-007
   2.2199999056756496        3.1776828533132349E-007
   2.2399999052286148        7.0272255339089631E-007
   2.2599999047815800        2.5070756917628484E-007
   2.2799999043345451        2.5461140761884809E-007
   2.2999999038875103        3.9120879178921610E-007
   2.3199999034404755        2.1300298507550427E-007
   2.3399999029934406        4.9170790853201100E-007
   2.3599999025464058        3.5960218733948568E-007
   2.3799999020993710        4.9390358859698289E-008
   2.3999999016523361        6.1664048062444660E-007
   2.4199999012053013        6.4224737028912386E-007
   2.4399999007582664        4.4254517337554008E-008
   2.4599999003112316        3.4499986762352988E-007
   2.4799998998641968        5.4457476949606675E-007
   2.4999998994171619        1.5064581913748286E-007
   2.5199998989701271        3.1558277472261321E-007
   2.5399998985230923        2.1264260634495415E-007
   2.5599998980760574        6.8231348866109204E-008
   2.5799998976290226        6.7630800899484573E-007
   2.5999998971819878        3.9089245422169063E-007
   2.6199998967349529        1.8998669569896102E-008
   2.6399998962879181        4.9073653774386581E-007
   2.6599998958408833        4.0802569866039934E-007
   2.6799998953938484        1.4893799351678317E-007
   2.6999998949468136        2.9375606983393082E-007
   2.7199998944997787        1.5858100033716055E-007
   2.7399998940527439        7.6237590286964233E-008
   2.7599998936057091        5.9219447444130129E-007
   2.7799998931586742        5.3121861289808601E-007
   2.7999998927116394        1.3623785069425392E-008
   2.8199998922646046        2.4368191395306212E-007
   2.8399998918175697        3.5434467142245306E-007
   2.8599998913705349        9.3283942923091773E-008
   2.8799998909235001        3.5573021480453043E-007
   2.8999998904764652        3.4910602609488338E-007
   2.9199998900294304        2.7891359959691076E-008
   2.9399998895823956        4.5220768560882094E-007
   2.9599998891353607        4.1596076399969337E-007
   2.9799998886883259        2.5387433554607948E-008
   2.9999998882412910        3.5823288394139837E-007
   3.0199998877942562        1.4189430368733794E-007
   3.0399998873472214        2.3444393805202077E-008
   3.0599998869001865        6.2320895579731762E-007
   3.0799998864531517        4.2545475656388194E-007
   3.0999998860061169        6.4909763320145119E-008
   3.1199998855590820        2.3774778547687124E-007
