  -2.0000000000000000        3.2790696679404593E-006
  -1.9800000004470348        2.0311003305922434E-007
  -1.9600000008940697        2.6058694242633059E-007
  -1.9400000013411045        5.7088290425743866E-007
  -1.9200000017881393        1.3782403724832625E-006
  -1.9000000022351742        1.4417469719657477E-006
  -1.8800000026822090        4.5798912243501118E-008
  -1.8600000031292439        2.3825822735549157E-006
  -1.8400000035762787        1.8558182498282932E-007
  -1.8200000040233135        9.3356811691320021E-007
  -1.8000000044703484        1.5250438389639542E-007
  -1.7800000049173832        1.1417952544115591E-006
  -1.7600000053644180        2.4511237881343119E-006
  -1.7400000058114529        1.2600272396320550E-007
  -1.7200000062584877        7.2363061232225773E-007
  -1.7000000067055225        2.3032398555238853E-007
  -1.6800000071525574        2.3684598803397979E-006
  -1.6600000075995922        5.4201921605354088E-008
  -1.6400000080466270        3.2661955895422738E-007
  -1.6200000084936619        2.4700278628973007E-006
  -1.6000000089406967        2.0980500475122561E-007
  -1.5800000093877316        8.0327923250278515E-007
  -1.5600000098347664        4.0996784909045379E-007
  -1.5400000102818012        1.5195674697355074E-006
  -1.5200000107288361        9.7990734335286502E-007
  -1.5000000111758709        1.2119527346769327E-006
  -1.4800000116229057        4.4430449235768451E-007
  -1.4600000120699406        1.9948856298318033E-007
  -1.4400000125169754        2.4447154783508399E-006
  -1.4200000129640102        8.2542622364117228E-009
  -1.4000000134110451        1.2902842681740573E-006
  -1.3800000138580799        9.0482261046302883E-007
  -1.3600000143051147        3.7518011660048865E-007
  -1.3400000147521496        1.7995457851460395E-006
  -1.3200000151991844        7.1883368291771128E-007
  -1.3000000156462193        8.8725371250195604E-007
  -1.2800000160932541        6.7686460481568326E-007
  -1.2600000165402889        1.4410626849850307E-006
  -1.2400000169873238        6.6236093699246466E-007
  -1.2200000174343586        1.5823880362998989E-006
  -1.2000000178813934        6.4433886203584406E-007
  -1.1800000183284283        3.3910144403816657E-007
  -1.1600000187754631        2.1472558590191822E-006
  -1.1400000192224979        3.0254111277211847E-008
  -1.1200000196695328        1.9369288866328226E-006
  -1.1000000201165676        3.6944597793831169E-007
  -1.0800000205636024        4.0298695429310728E-007
  -1.0600000210106373        1.4721480882261396E-006
  -1.0400000214576721        6.3519925022616902E-007
  -1.0200000219047070        8.9850275764426607E-007
  -1.0000000223517418        1.0200715853548695E-006
 -0.98000002279877663        1.2026443226223947E-006
 -0.96000002324581146        1.5970686772906339E-006
 -0.94000002369284630        1.0051979447406623E-005
 -0.92000002413988113        9.3652340853441270E-006
 -0.90000002458691597        2.9097314006225999E-005
 -0.88000002503395081        3.8285168338944269E-005
 -0.86000002548098564        6.3076453016421593E-005
 -0.84000002592802048        1.0770633509778436E-004
 -0.82000002637505531        1.9035602601114043E-004
 -0.80000002682209015        3.5324403921655758E-004
 -0.78000002726912498        6.9226292807052963E-004
 -0.76000002771615982        1.1573032979883863E-003
 -0.74000002816319466        1.8353207876487647E-003
 -0.72000002861022949        2.5669250851081227E-003
 -0.70000002905726433        3.1865328344423773E-003
 -0.68000002950429916        4.1853055170737287E-003
 -0.66000002995133400        5.7100407766624136E-003
 -0.64000003039836884        9.9701192931400725E-003
 -0.62000003084540367        1.7823701263847001E-002
 -0.60000003129243851        3.0406819586238327E-002
 -0.58000003173947334        4.6115062737645707E-002
 -0.56000003218650818        5.9118313162608710E-002
 -0.54000003263354301        6.6023631299040542E-002
 -0.52000003308057785        6.4245846561812606E-002
 -0.50000003352761269        6.6277702887042489E-002
 -0.48000003397464752        9.4663743115279975E-002
 -0.46000003442168236       0.17543522454150151     
 -0.44000003486871719       0.31825543239662279     
 -0.42000003531575203       0.49460868105177480     
 -0.40000003576278687       0.63273009646633671     
 -0.38000003620982170       0.65769132839788258     
 -0.36000003665685654       0.53834698349677623     
 -0.34000003710389137       0.36097478950497813     
 -0.32000003755092621       0.31370195246271249     
 -0.30000003799796104       0.61069440059083102     
 -0.28000003844499588        1.3289459176354868     
 -0.26000003889203072        2.2900460205359416     
 -0.24000003933906555        3.0731936637773329     
 -0.22000003978610039        3.2116074334808764     
 -0.20000004023313522        2.5344978856267497     
 -0.18000004068017006        1.3427500482279080     
 -0.16000004112720490       0.41173334938115158     
 -0.14000004157423973       0.53231353084343058     
 -0.12000004202127457        2.0281408823180977     
 -0.10000004246830940        4.4199288290743484     
  -8.0000042915344238E-002   6.5404124322895125     
  -6.0000043362379074E-002   7.2480503438681465     
  -4.0000043809413910E-002   6.0022471185282118     
  -2.0000044256448746E-002   3.4841105704736561     
  -4.4703483581542969E-008  0.96615956548339244     
   1.9999954849481583E-002   8.5218639824811062E-003
   3.9999954402446747E-002   1.9834973414963567E-005
   5.9999953955411911E-002   7.3030633835509537E-006
   7.9999953508377075E-002   1.3186461227459021E-006
   9.9999953061342239E-002   1.1180511182910940E-006
  0.11999995261430740        9.3019829216952465E-008
  0.13999995216727257        5.6184854223522388E-007
  0.15999995172023773        8.8645615185549990E-009
  0.17999995127320290        3.9608967506630805E-007
  0.19999995082616806        2.7685308115924954E-008
  0.21999995037913322        3.2527777121636723E-007
  0.23999994993209839        5.4804443959407549E-008
  0.25999994948506355        3.3138533193842712E-007
  0.27999994903802872        1.1835097133149730E-007
  0.29999994859099388        3.8690484521293699E-007
  0.31999994814395905        2.5367222731319223E-007
  0.33999994769692421        4.4516851968907320E-007
  0.35999994724988937        4.5695022535187829E-007
  0.37999994680285454        4.9010767353146189E-007
  0.39999994635581970        7.0313828404992164E-007
  0.41999994590878487        5.0826697478700861E-007
  0.43999994546175003        9.4088530047033093E-007
  0.45999994501471519        5.3541970276776622E-007
  0.47999994456768036        1.0882198521483653E-006
  0.49999994412064552        6.3699415773162786E-007
  0.51999994367361069        1.1111357473381934E-006
  0.53999994322657585        8.0894317953473236E-007
  0.55999994277954102        1.0262530807028202E-006
  0.57999994233250618        1.0349508020304533E-006
  0.59999994188547134        8.8075400841522331E-007
  0.61999994143843651        1.2492515389281910E-006
  0.63999994099140167        7.9493631337619382E-007
  0.65999994054436684        1.3559610028027808E-006
  0.67999994009733200        8.7738724271886061E-007
  0.69999993965029716        1.2959432202115450E-006
  0.71999993920326233        1.1073840270614935E-006
  0.73999993875622749        1.1128498942144517E-006
  0.75999993830919266        1.3841089887477031E-006
  0.77999993786215782        9.6154392520320407E-007
  0.79999993741512299        1.5440416385807190E-006
  0.81999993696808815        1.0408134561352294E-006
  0.83999993652105331        1.4258156517793183E-006
  0.85999993607401848        1.3400929879251607E-006
  0.87999993562698364        1.1426955151163146E-006
  0.89999993517994881        1.6101554072780388E-006
  0.91999993473291397        1.0697532967891290E-006
  0.93999993428587914        1.5735018799384708E-006
  0.95999993383884430        1.3042966596917487E-006
  0.97999993339180946        1.2545344760312241E-006
  0.99999993294477463        1.6121370108147027E-006
   1.0199999324977398        1.0729629143546036E-006
   1.0399999320507050        1.5981470442733288E-006
   1.0599999316036701        1.3001689233303544E-006
   1.0799999311566353        1.1918849434525639E-006
   1.0999999307096004        1.6174573851584187E-006
   1.1199999302625656        1.0458478123251105E-006
   1.1399999298155308        1.4490387696183367E-006
   1.1599999293684959        1.3541879670017112E-006
   1.1799999289214611        1.0276847700663283E-006
   1.1999999284744263        1.5346926467109866E-006
   1.2199999280273914        1.0718694750187732E-006
   1.2399999275803566        1.1663550665116729E-006
   1.2599999271333218        1.4010872117250476E-006
   1.2799999266862869        9.1000634827747478E-007
   1.2999999262392521        1.2969343649908995E-006
   1.3199999257922173        1.1713801301273849E-006
   1.3399999253451824        8.7078002277914097E-007
   1.3599999248981476        1.3302008936404130E-006
   1.3799999244511127        9.5289578559335026E-007
   1.3999999240040779        8.9676623952453253E-007
   1.4199999235570431        1.2729074697361388E-006
   1.4399999231100082        7.8679074199441245E-007
   1.4599999226629734        9.3201478402562358E-007
   1.4799999222159386        1.1683979117853230E-006
   1.4999999217689037        6.7254638057576866E-007
   1.5199999213218689        9.4633454926810447E-007
   1.5399999208748341        1.0527886911862753E-006
   1.5599999204277992        5.9662281666759453E-007
   1.5799999199807644        9.3067338790646391E-007
   1.5999999195337296        9.4441550375079997E-007
   1.6199999190866947        5.4775414585672816E-007
   1.6399999186396599        8.8441460716372935E-007
   1.6599999181926250        8.4832978482153062E-007
   1.6799999177455902        5.2176896330428313E-007
   1.6999999172985554        8.0812090056016676E-007
   1.7199999168515205        7.6216816358147521E-007
   1.7399999164044857        5.2145232612301160E-007
   1.7599999159574509        7.0476758004772272E-007
   1.7799999155104160        6.7977407295522595E-007
   1.7999999150633812        5.5461803855933932E-007
   1.8199999146163464        5.8657807144987444E-007
   1.8399999141693115        5.9372755592899337E-007
   1.8599999137222767        6.2982463503001026E-007
   1.8799999132752419        4.8012999355825085E-007
   1.8999999128282070        4.9809767200724464E-007
   1.9199999123811722        7.4469471373971898E-007
   1.9399999119341373        4.2084393420645807E-007
   1.9599999114871025        3.9181692085289634E-007
   1.9799999110400677        8.5954215105211709E-007
   1.9999999105930328        4.3187310375487766E-007
   2.0199999101459980        2.8621146031831717E-007
   2.0399999096989632        8.7635962440522242E-007
   2.0599999092519283        4.8589962720168193E-007
   2.0799999088048935        2.2001962159006569E-007
   2.0999999083578587        7.1566734807583339E-007
   2.1199999079108238        4.8609702904434081E-007
   2.1399999074637890        2.5855388051994121E-007
   2.1599999070167542        4.8025793893704933E-007
   2.1799999065697193        3.5871943088849809E-007
   2.1999999061226845        4.3886967373771402E-007
   2.2199999056756496        3.9014371220724788E-007
   2.2399999052286148        1.7422530401074242E-007
   2.2599999047815800        6.5386491855109806E-007
   2.2799999043345451        5.0842860468792435E-007
   2.2999999038875103        7.5574066103423795E-008
   2.3199999034404755        6.2173706895460339E-007
   2.3399999029934406        5.5473013077895181E-007
   2.3599999025464058        1.2641879362543894E-007
   2.3799999020993710        4.1740775378267377E-007
   2.3999999016523361        2.9614719969632971E-007
   2.4199999012053013        2.6516396825954727E-007
   2.4399999007582664        4.9189965508266419E-007
   2.4599999003112316        1.2156738431256883E-007
   2.4799998998641968        2.9586968289956797E-007
   2.4999998994171619        7.3091477946787908E-007
   2.5199998989701271        2.0767350741996282E-007
   2.5399998985230923        1.8900843340874695E-007
   2.5599998980760574        4.7960416224183732E-007
   2.5799998976290226        1.6165276771937574E-007
   2.5999998971819878        3.7215073167233575E-007
   2.6199998967349529        2.7761964002530584E-007
   2.6399998962879181        2.1060427626238879E-008
   2.6599998958408833        6.5307510432087794E-007
   2.6799998953938484        4.5154094940715252E-007
   2.6999998949468136        4.6731569376705770E-008
   2.7199998944997787        4.0157266736192887E-007
   2.7399998940527439        2.1385031006702107E-007
   2.7599998936057091        1.3038244163199213E-007
   2.7799998931586742        5.1553414412071475E-007
   2.7999998927116394        2.1603166776380515E-007
   2.8199998922646046        1.0498234615821001E-007
   2.8399998918175697        5.4299180677517073E-007
   2.8599998913705349        2.8978759992027946E-007
   2.8799998909235001        1.3285594389288614E-007
   2.8999998904764652        3.0245233855930371E-007
   2.9199998900294304        4.9488733403179687E-008
   2.9399998895823956        3.4534015904513620E-007
   2.9599998891353607        6.5577792364018443E-007
   2.9799998886883259        7.8077996850138797E-008
   2.9999998882412910        1.3190550636200118E-007
   3.0199998877942562        3.5621496260619955E-007
   3.0399998873472214        1.6181811453015082E-008
   3.0599998869001865        4.4576538472031230E-007
   3.0799998864531517        5.1163682234323263E-007
   3.0999998860061169        1.0651473293109093E-008
   3.1199998855590820        5.8913987653488735E-007
