  -2.0000000000000000        3.1646907098471427E-006
  -1.9800000004470348        9.1305123965787342E-008
  -1.9600000008940697        9.5797234687354660E-007
  -1.9400000013411045        1.4439159921770935E-006
  -1.9200000017881393        5.2904730867556099E-007
  -1.9000000022351742        2.7897360644649470E-007
  -1.8800000026822090        4.8642879942826549E-008
  -1.8600000031292439        3.1806936960516541E-006
  -1.8400000035762787        4.2632263479823802E-007
  -1.8200000040233135        1.6743489466531315E-007
  -1.8000000044703484        1.2332588699673988E-006
  -1.7800000049173832        6.7004861716406637E-007
  -1.7600000053644180        1.0398019465857490E-006
  -1.7400000058114529        3.8454172338139473E-008
  -1.7200000062584877        2.3108437345033858E-006
  -1.7000000067055225        7.7916203103462915E-007
  -1.6800000071525574        3.6415980668120654E-007
  -1.6600000075995922        6.9227097402917052E-007
  -1.6400000080466270        1.7461137246526326E-007
  -1.6200000084936619        2.5165829619844201E-006
  -1.6000000089406967        1.9089202783745883E-007
  -1.5800000093877316        4.3923754195746443E-007
  -1.5600000098347664        1.2492087997058475E-006
  -1.5400000102818012        7.9340560632044241E-007
  -1.5200000107288361        9.2831460599901174E-007
  -1.5000000111758709        1.3173100617889121E-007
  -1.4800000116229057        1.7646552626884922E-006
  -1.4600000120699406        5.1874473789393451E-007
  -1.4400000125169754        9.6184943781137913E-007
  -1.4200000129640102        7.5597589006229995E-007
  -1.4000000134110451        1.1230174177728735E-007
  -1.3800000138580799        2.2321747693006364E-006
  -1.3600000143051147        9.8838257103992902E-008
  -1.3400000147521496        9.0634778169778056E-007
  -1.3200000151991844        1.0374776771438125E-006
  -1.3000000156462193        4.7848313923165100E-007
  -1.2800000160932541        1.7105430994694038E-006
  -1.2600000165402889        3.1772576384781000E-007
  -1.2400000169873238        1.0452578624192243E-006
  -1.2200000174343586        8.0150171858705446E-007
  -1.2000000178813934        1.2009923398126323E-006
  -1.1800000183284283        9.6221208592726198E-007
  -1.1600000187754631        6.7889340740373887E-007
  -1.1400000192224979        1.1414903588473287E-006
  -1.1200000196695328        2.3436545888889272E-007
  -1.1000000201165676        1.8378490645892871E-006
  -1.0800000205636024        1.3822900978183059E-007
  -1.0600000210106373        1.1030823131771787E-006
  -1.0400000214576721        7.0907340733498364E-007
  -1.0200000219047070        8.4229042036175130E-007
  -1.0000000223517418        1.9615567811347683E-006
 -0.98000002279877663        4.0432200425756819E-006
 -0.96000002324581146        7.3211225480140973E-006
 -0.94000002369284630        1.4323016516061486E-005
 -0.92000002413988113        3.1048754427199584E-005
 -0.90000002458691597        4.1514768367345785E-005
 -0.88000002503395081        8.5879018810381579E-005
 -0.86000002548098564        1.1474751924980403E-004
 -0.84000002592802048        2.1837272666530862E-004
 -0.82000002637505531        3.7126205704155602E-004
 -0.80000002682209015        6.5999855811487730E-004
 -0.78000002726912498        1.1785599031268886E-003
 -0.76000002771615982        1.8054673815391610E-003
 -0.74000002816319466        2.7568376251292975E-003
 -0.72000002861022949        3.6109746729012116E-003
 -0.70000002905726433        4.7764628548053033E-003
 -0.68000002950429916        6.3998091884888888E-003
 -0.66000002995133400        9.6258288139181355E-003
 -0.64000003039836884        1.6071149111526527E-002
 -0.62000003084540367        2.6833514280193795E-002
 -0.60000003129243851        4.1949250504373481E-002
 -0.58000003173947334        5.8504669905167589E-002
 -0.56000003218650818        7.1579686711100279E-002
 -0.54000003263354301        7.7827912951630412E-002
 -0.52000003308057785        8.0377442121496209E-002
 -0.50000003352761269        9.3193760179658594E-002
 -0.48000003397464752       0.14185197312759237     
 -0.46000003442168236       0.24382044333634503     
 -0.44000003486871719       0.40118145018278561     
 -0.42000003531575203       0.57092613475773679     
 -0.40000003576278687       0.68305676054491826     
 -0.38000003620982170       0.67659316137722725     
 -0.36000003665685654       0.54569102688032856     
 -0.34000003710389137       0.40231035638626489     
 -0.32000003755092621       0.42972577250011873     
 -0.30000003799796104       0.80858945893395939     
 -0.28000003844499588        1.5588803137996567     
 -0.26000003889203072        2.4655203622167261     
 -0.24000003933906555        3.1113831145226980     
 -0.22000003978610039        3.1056011736356179     
 -0.20000004023313522        2.3541332194971827     
 -0.18000004068017006        1.2162878811243636     
 -0.16000004112720490       0.42880795634358443     
 -0.14000004157423973       0.68414960610247422     
 -0.12000004202127457        2.1954191975528414     
 -0.10000004246830940        4.4515826649903651     
  -8.0000042915344238E-002   6.3550698629490272     
  -6.0000043362379074E-002   6.8927991528232120     
  -4.0000043809413910E-002   5.6341538376714881     
  -2.0000044256448746E-002   3.2411763307104713     
  -4.4703483581542969E-008  0.89522397241861873     
   1.9999954849481583E-002   7.9085360509511971E-003
   3.9999954402446747E-002   1.8891293181523715E-005
   5.9999953955411911E-002   6.2206568823034399E-006
   7.9999953508377075E-002   1.9737031098939175E-006
   9.9999953061342239E-002   4.6014766825178537E-007
  0.11999995261430740        7.0006643324024742E-007
  0.13999995216727257        4.6854684085345534E-008
  0.15999995172023773        4.8889287003460539E-007
  0.17999995127320290        1.0684761152568809E-009
  0.19999995082616806        3.9677745277075928E-007
  0.21999995037913322        1.0841142387008720E-008
  0.23999994993209839        3.7168648916699592E-007
  0.25999994948506355        3.4505458405830344E-008
  0.27999994903802872        3.9517257753329564E-007
  0.29999994859099388        9.8425289348321864E-008
  0.31999994814395905        4.6445746665104200E-007
  0.33999994769692421        2.2157430407989031E-007
  0.35999994724988937        5.4580471586119235E-007
  0.37999994680285454        4.3106185211309160E-007
  0.39999994635581970        5.7533238755187604E-007
  0.41999994590878487        7.0356714368056784E-007
  0.43999994546175003        5.5421457272848714E-007
  0.45999994501471519        9.5199064835166681E-007
  0.47999994456768036        5.3952014728822573E-007
  0.49999994412064552        1.1379319587425633E-006
  0.51999994367361069        5.8160651473530219E-007
  0.53999994322657585        1.1875372158263108E-006
  0.55999994277954102        7.4820833941837791E-007
  0.57999994233250618        1.0826583786529068E-006
  0.59999994188547134        9.9298075149829573E-007
  0.61999994143843651        9.0549481989898900E-007
  0.63999994099140167        1.2368822919798513E-006
  0.65999994054436684        7.6531383323618772E-007
  0.67999994009733200        1.3964082194494748E-006
  0.69999993965029716        7.9621239967205444E-007
  0.71999993920326233        1.3544875735620401E-006
  0.73999993875622749        1.0462114687189956E-006
  0.75999993830919266        1.1308128447560248E-006
  0.77999993786215782        1.3656600293595469E-006
  0.79999993741512299        9.1849051691557653E-007
  0.81999993696808815        1.5665800333914769E-006
  0.83999993652105331        9.5477198900032937E-007
  0.85999993607401848        1.4689311715640538E-006
  0.87999993562698364        1.2746306307896153E-006
  0.89999993517994881        1.1399844277800678E-006
  0.91999993473291397        1.6135544154277574E-006
  0.93999993428587914        9.7932894440006621E-007
  0.95999993383884430        1.6259066393106824E-006
  0.97999993339180946        1.2277212926331655E-006
  0.99999993294477463        1.2490083973171921E-006
   1.0199999324977398        1.6059253010621033E-006
   1.0399999320507050        9.9502553773655803E-007
   1.0599999316036701        1.6318194732908658E-006
   1.0799999311566353        1.2245981538867989E-006
   1.0999999307096004        1.2020661167824636E-006
   1.1199999302625656        1.6047739245473480E-006
   1.1399999298155308        9.6524170501426581E-007
   1.1599999293684959        1.5163682844536117E-006
   1.1799999289214611        1.2799805750483041E-006
   1.1999999284744263        1.0134858552560616E-006
   1.2199999280273914        1.5782880808130137E-006
   1.2399999275803566        9.7128361982484206E-007
   1.2599999271333218        1.2224167963169507E-006
   1.2799999266862869        1.3852338431056648E-006
   1.2999999262392521        8.3552877315169372E-007
   1.3199999257922173        1.3712225630879062E-006
   1.3399999253451824        1.1080416537469588E-006
   1.3599999248981476        8.5712288148235160E-007
   1.3799999244511127        1.3700587225990920E-006
   1.3999999240040779        8.7599326122750878E-007
   1.4199999235570431        9.4362138345044166E-007
   1.4399999231100082        1.2511369884780990E-006
   1.4599999226629734        7.3383062656730952E-007
   1.4799999222159386        1.0106907974900527E-006
   1.4999999217689037        1.0836075874913687E-006
   1.5199999213218689        6.7212876967627773E-007
   1.5399999208748341        1.0138535704907170E-006
   1.5599999204277992        9.2600908453200268E-007
   1.5799999199807644        6.5907002046626861E-007
   1.5999999195337296        9.4356389369114855E-007
   1.6199999190866947        8.1763234942066107E-007
   1.6399999186396599        6.5972038687788279E-007
   1.6599999181926250        8.1424760982428639E-007
   1.6799999177455902        7.8130660659075272E-007
   1.6999999172985554        6.4784413967153491E-007
   1.7199999168515205        6.5759030397305032E-007
   1.7399999164044857        8.2335964890461602E-007
   1.7599999159574509        6.1401479840828424E-007
   1.7799999155104160        5.1378054267484851E-007
   1.7999999150633812        9.2703257009030214E-007
   1.8199999146163464        5.6661038322083428E-007
   1.8399999141693115        4.1398675639292874E-007
   1.8599999137222767        1.0392195989785991E-006
   1.8799999132752419        5.2028471083271527E-007
   1.8999999128282070        3.6220364908677837E-007
   1.9199999123811722        1.0631653297219081E-006
   1.9399999119341373        4.7748890671125343E-007
   1.9599999114871025        3.4621553925694454E-007
   1.9799999110400677        9.0434187841714408E-007
   1.9999999105930328        4.3290833956802213E-007
   2.0199999101459980        3.8825609411679348E-007
   2.0399999096989632        5.8937606114561884E-007
   2.0599999092519283        4.0983402050857746E-007
   2.0799999088048935        5.4959949953202000E-007
   2.0999999083578587        2.9326386867999675E-007
   2.1199999079108238        4.3367152115791738E-007
   2.1399999074637890        8.1786312743253558E-007
   2.1599999070167542        1.5918085874531733E-007
   2.1799999065697193        4.2751574886542636E-007
   2.1999999061226845        9.5620550653216636E-007
   2.2199999056756496        1.6233958649436863E-007
   2.2399999052286148        3.3166386820646136E-007
   2.2599999047815800        6.8018777614955890E-007
   2.2799999043345451        2.3282508168004659E-007
   2.2999999038875103        3.7311055137265159E-007
   2.3199999034404755        2.7473420436645502E-007
   2.3399999029934406        3.7306747957862928E-007
   2.3599999025464058        6.6978350111284184E-007
   2.3799999020993710        1.5920887229194472E-007
   2.3999999016523361        3.9070934372189360E-007
   2.4199999012053013        7.1833847857884558E-007
   2.4399999007582664        2.1168364486837448E-007
   2.4599999003112316        2.9057715278465087E-007
   2.4799998998641968        2.9685988503875894E-007
   2.4999998994171619        2.5310443311119928E-007
   2.5199998989701271        5.6434427972186874E-007
   2.5399998985230923        1.8904497137272839E-007
   2.5599998980760574        2.3936022892961599E-007
   2.5799998976290226        7.4637438604676798E-007
   2.5999998971819878        2.4962150340419352E-007
   2.6199998967349529        2.2337053698297772E-007
   2.6399998962879181        2.8954345418574333E-007
   2.6599998958408833        7.5520168871186520E-008
   2.6799998953938484        6.8848283503072585E-007
   2.6999998949468136        2.9209857364882347E-007
   2.7199998944997787        1.0659870830057422E-008
   2.7399998940527439        7.1024425471543284E-007
   2.7599998936057091        2.4670047220333462E-007
   2.7799998931586742        1.3938476131824961E-007
   2.7999998927116394        3.8361271286618571E-007
   2.8199998922646046        1.2181873686429545E-008
   2.8399998918175697        5.1789349694983624E-007
   2.8599998913705349        5.9976812569656078E-007
   2.8799998909235001        5.2822389771792033E-008
   2.8999998904764652        3.2768276216496866E-007
   2.9199998900294304        1.4830654247251912E-007
   2.9399998895823956        1.2919955632278747E-007
   2.9599998891353607        6.9069484426735213E-007
   2.9799998886883259        2.7908341913725073E-007
   2.9999998882412910        1.1893747068101723E-007
   3.0199998877942562        3.3624162082922969E-007
   3.0399998873472214        5.7544267585419593E-008
   3.0599998869001865        4.6169847364826325E-007
   3.0799998864531517        4.8910871049528499E-007
   3.0999998860061169        1.6654725808262126E-008
   3.1199998855590820        5.0098568125454620E-007
