  -2.0000000000000000        1.0878104673332416E-006
  -1.9800000004470348        1.1282095880694793E-007
  -1.9600000008940697        2.0707028307513752E-006
  -1.9400000013411045        1.6858544680939773E-006
  -1.9200000017881393        3.5634736022778181E-008
  -1.9000000022351742        1.1030521262644435E-006
  -1.8800000026822090        3.8081632884198971E-008
  -1.8600000031292439        1.9831401417843846E-006
  -1.8400000035762787        3.1380416088552273E-007
  -1.8200000040233135        6.5395396183697938E-007
  -1.8000000044703484        2.7112579110960799E-006
  -1.7800000049173832        2.5134790229418264E-007
  -1.7600000053644180        2.3719055937325172E-007
  -1.7400000058114529        2.9934532815497435E-007
  -1.7200000062584877        2.0764092744351705E-006
  -1.7000000067055225        1.1019929263263601E-006
  -1.6800000071525574        8.1761336163401895E-008
  -1.6600000075995922        2.0341654575528604E-006
  -1.6400000080466270        1.2657221109174712E-007
  -1.6200000084936619        9.9612254120464994E-007
  -1.6000000089406967        8.9605501660533757E-007
  -1.5800000093877316        3.3628581154344707E-007
  -1.5600000098347664        2.3032119135824857E-006
  -1.5400000102818012        3.9116751266687550E-007
  -1.5200000107288361        3.5968783213609107E-007
  -1.5000000111758709        1.0220063116390021E-006
  -1.4800000116229057        1.1030556785420674E-006
  -1.4600000120699406        1.1077316407338134E-006
  -1.4400000125169754        3.4816630719665127E-007
  -1.4200000129640102        1.4798839368971555E-006
  -1.4000000134110451        5.0225571929400316E-007
  -1.3800000138580799        1.1795442463714941E-006
  -1.3600000143051147        9.5589513992686355E-007
  -1.3400000147521496        7.7443188932862221E-008
  -1.3200000151991844        2.3948866011686313E-006
  -1.3000000156462193        1.6770874565401173E-007
  -1.2800000160932541        8.3527103481132440E-007
  -1.2600000165402889        1.4973746060174112E-006
  -1.2400000169873238        5.7900456904913695E-008
  -1.2200000174343586        2.4152774055008634E-006
  -1.2000000178813934        2.6166158469240465E-007
  -1.1800000183284283        6.2818057779058946E-007
  -1.1600000187754631        1.5956601157338781E-006
  -1.1400000192224979        5.6695710510167960E-007
  -1.1200000196695328        1.5441972386423444E-006
  -1.1000000201165676        6.5953380003022806E-007
  -1.0800000205636024        8.5193932606357139E-007
  -1.0600000210106373        5.4187367246735789E-007
  -1.0400000214576721        3.1880758374594929E-006
  -1.0200000219047070        7.0373753211297452E-007
  -1.0000000223517418        5.6169270364463438E-006
 -0.98000002279877663        9.4597095798629652E-006
 -0.96000002324581146        1.4062701336231825E-005
 -0.94000002369284630        3.7607982797130381E-005
 -0.92000002413988113        4.8786998773724374E-005
 -0.90000002458691597        9.3461087148087715E-005
 -0.88000002503395081        1.4259709279007844E-004
 -0.86000002548098564        2.3617974993790086E-004
 -0.84000002592802048        3.9676419604880097E-004
 -0.82000002637505531        6.8621069369635235E-004
 -0.80000002682209015        1.1497868346035654E-003
 -0.78000002726912498        1.8510436311503871E-003
 -0.76000002771615982        2.8187984101847260E-003
 -0.74000002816319466        3.9175551556303052E-003
 -0.72000002861022949        5.3331514269650167E-003
 -0.70000002905726433        7.0268675099716127E-003
 -0.68000002950429916        1.0021983659391534E-002
 -0.66000002995133400        1.5217998229691679E-002
 -0.64000003039836884        2.4435484684104641E-002
 -0.62000003084540367        3.8238191850080920E-002
 -0.60000003129243851        5.5350829411233711E-002
 -0.58000003173947334        7.3213120947390506E-002
 -0.56000003218650818        8.5752898776196407E-002
 -0.54000003263354301        9.4328203266226818E-002
 -0.52000003308057785       0.10292889575828572     
 -0.50000003352761269       0.13082032204543992     
 -0.48000003397464752       0.19984749175083097     
 -0.46000003442168236       0.32125993053203755     
 -0.44000003486871719       0.48713298625470525     
 -0.42000003531575203       0.64350896329913643     
 -0.40000003576278687       0.72966028127201688     
 -0.38000003620982170       0.69522394000572030     
 -0.36000003665685654       0.56662248242381230     
 -0.34000003710389137       0.46558501012142972     
 -0.32000003755092621       0.56946839388658843     
 -0.30000003799796104        1.0157848848601034     
 -0.28000003844499588        1.7777059040556482     
 -0.26000003889203072        2.6097623259512504     
 -0.24000003933906555        3.1175161743915241     
 -0.22000003978610039        2.9817133572950465     
 -0.20000004023313522        2.1805869586478410     
 -0.18000004068017006        1.1130814993243721     
 -0.16000004112720490       0.46660882588921487     
 -0.14000004157423973       0.83769898813551824     
 -0.12000004202127457        2.3410001525244257     
 -0.10000004246830940        4.4516154160416628     
  -8.0000042915344238E-002   6.1417739156562483     
  -6.0000043362379074E-002   6.5275206638386978     
  -4.0000043809413910E-002   5.2670405778756280     
  -2.0000044256448746E-002   3.0043960174404538     
  -4.4703483581542969E-008  0.82641561574425515     
   1.9999954849481583E-002   7.2784906260360063E-003
   3.9999954402446747E-002   1.7554440856068243E-005
   5.9999953955411911E-002   5.6988739417206539E-006
   7.9999953508377075E-002   1.5112091802957732E-006
   9.9999953061342239E-002   7.3424814317547139E-007
  0.11999995261430740        2.5562352288806410E-007
  0.13999995216727257        4.1600917312133228E-007
  0.15999995172023773        6.9832992580994879E-008
  0.17999995127320290        3.5138759019496133E-007
  0.19999995082616806        3.8853631536285858E-008
  0.21999995037913322        3.3733441917866032E-007
  0.23999994993209839        3.4819697428650906E-008
  0.25999994948506355        3.3605653437412893E-007
  0.27999994903802872        5.4687325994473715E-008
  0.29999994859099388        3.8528540571782552E-007
  0.31999994814395905        1.0201181991703131E-007
  0.33999994769692421        5.0146286924554349E-007
  0.35999994724988937        2.0103480031068095E-007
  0.37999994680285454        6.1141141420437517E-007
  0.39999994635581970        3.7865457377322629E-007
  0.41999994590878487        6.8204271503736827E-007
  0.43999994546175003        5.9656994477062545E-007
  0.45999994501471519        6.8897666184630294E-007
  0.47999994456768036        8.5235380790678575E-007
  0.49999994412064552        6.3568221020073702E-007
  0.51999994367361069        1.0608909927938463E-006
  0.53999994322657585        6.2569341794336690E-007
  0.55999994277954102        1.1592556865854074E-006
  0.57999994233250618        6.9515261516754712E-007
  0.59999994188547134        1.1527929894745327E-006
  0.61999994143843651        8.6670999618857573E-007
  0.63999994099140167        1.0115700735687428E-006
  0.65999994054436684        1.1119700322598462E-006
  0.67999994009733200        8.4910427326354571E-007
  0.69999993965029716        1.2920490000032651E-006
  0.71999993920326233        8.0329918156709882E-007
  0.73999993875622749        1.3550942047504671E-006
  0.75999993830919266        9.3157630123092163E-007
  0.77999993786215782        1.2271680938138425E-006
  0.79999993741512299        1.2186380345777586E-006
  0.81999993696808815        9.9932549037886115E-007
  0.83999993652105331        1.4636987494440946E-006
  0.85999993607401848        9.3768169684514060E-007
  0.87999993562698364        1.4835171499727474E-006
  0.89999993517994881        1.1353356303342939E-006
  0.91999993473291397        1.2438084117170146E-006
  0.93999993428587914        1.4536430342848866E-006
  0.95999993383884430        1.0081914908943069E-006
  0.97999993339180946        1.5974621023938556E-006
  0.99999993294477463        1.1086295076576095E-006
   1.0199999324977398        1.3518351468593858E-006
   1.0399999320507050        1.4419694509177653E-006
   1.0599999316036701        1.0384206038865993E-006
   1.0799999311566353        1.5977443477912196E-006
   1.0999999307096004        1.1043455492191398E-006
   1.1199999302625656        1.3119210660389185E-006
   1.1399999298155308        1.4358646419942867E-006
   1.1599999293684959        9.8811408307473908E-007
   1.1799999289214611        1.5275312418033643E-006
   1.1999999284744263        1.1209021263706187E-006
   1.2199999280273914        1.1383483790440881E-006
   1.2399999275803566        1.4488129551424156E-006
   1.2599999271333218        9.2743981436945440E-007
   1.2799999266862869        1.3279246136361781E-006
   1.2999999262392521        1.1920786780910094E-006
   1.3199999257922173        9.2192845949615105E-007
   1.3399999253451824        1.3605079255163496E-006
   1.3599999248981476        9.5495128647020415E-007
   1.3799999244511127        1.0111715583747561E-006
   1.3999999240040779        1.2293022125090010E-006
   1.4199999235570431        8.3567792926127386E-007
   1.4399999231100082        1.0638432704551622E-006
   1.4599999226629734        1.0464751893373759E-006
   1.4799999222159386        8.1636433214264557E-007
   1.4999999217689037        1.0133798482729509E-006
   1.5199999213218689        9.2485272135793966E-007
   1.5399999208748341        8.1132156787890019E-007
   1.5599999204277992        8.9062510316467178E-007
   1.5799999199807644        9.0916966190448102E-007
   1.5999999195337296        7.3825170074397478E-007
   1.6199999190866947        7.9039720411788645E-007
   1.6399999186396599        9.6223149289820535E-007
   1.6599999181926250        5.8136911708181528E-007
   1.6799999177455902        7.9850858120159073E-007
   1.6999999172985554        9.9825632332190036E-007
   1.7199999168515205        4.0550184975822685E-007
   1.7399999164044857        9.1655711278113040E-007
   1.7599999159574509        9.4204287728572628E-007
   1.7799999155104160        3.0397256320931070E-007
   1.7999999150633812        1.0343898203396663E-006
   1.8199999146163464        7.7790098630003281E-007
   1.8399999141693115        3.2276722540627344E-007
   1.8599999137222767        9.9674115065963401E-007
   1.8799999132752419        5.7142136881422255E-007
   1.8999999128282070        4.4005379174586043E-007
   1.9199999123811722        7.5027994603675491E-007
   1.9399999119341373        4.5709916976976934E-007
   1.9599999114871025        6.0598446758183962E-007
   1.9799999110400677        4.2048164389545215E-007
   1.9999999105930328        5.3876249355077823E-007
   2.0199999101459980        7.5917337026671547E-007
   2.0399999096989632        1.9067738700469048E-007
   2.0599999092519283        7.2062868459434174E-007
   2.0799999088048935        7.9399390616785711E-007
   2.0999999083578587        1.3581090596294191E-007
   2.1199999079108238        7.2470083771733875E-007
   2.1399999074637890        5.9367193921216713E-007
   2.1599999070167542        2.6381827202096721E-007
   2.1799999065697193        5.0838602287223354E-007
   2.1999999061226845        3.0620413837932841E-007
   2.2199999056756496        6.1086520831453832E-007
   2.2399999052286148        3.3220605336514443E-007
   2.2599999047815800        1.9850966323686344E-007
   2.2799999043345451        9.5713423514983389E-007
   2.2999999038875103        2.6350837377446926E-007
   2.3199999034404755        2.0831137516883291E-007
   2.3399999029934406        7.7765075415083895E-007
   2.3599999025464058        1.8655590073040683E-007
   2.3799999020993710        3.5644863872992088E-007
   2.3999999016523361        3.3757692887758236E-007
   2.4199999012053013        2.6891720272494291E-007
   2.4399999007582664        7.1020093349587732E-007
   2.4599999003112316        1.8684689673638421E-007
   2.4799998998641968        3.5414706515450704E-007
   2.4999998994171619        6.3143312934278482E-007
   2.5199998989701271        1.7648702563225652E-007
   2.5399998985230923        3.6381210495084523E-007
   2.5599998980760574        1.9440928335616777E-007
   2.5799998976290226        3.3625133998813725E-007
   2.5999998971819878        6.6338610007117581E-007
   2.6199998967349529        1.2112174003627773E-007
   2.6399998962879181        4.0021021295337051E-007
   2.6599998958408833        4.6148045109181363E-007
   2.6799998953938484        8.2507781545053935E-008
   2.6999998949468136        5.4574148212117118E-007
   2.7199998944997787        8.3060203417856757E-008
   2.7399998940527439        2.1180098470375534E-007
   2.7599998936057091        8.6565221101695410E-007
   2.7799998931586742        7.1836151139987349E-008
   2.7999998927116394        2.5162064774047249E-007
   2.8199998922646046        2.9935653410361582E-007
   2.8399998918175697        6.8754008363959824E-008
   2.8599998913705349        7.6034935242714488E-007
   2.8799998909235001        1.5691549598413155E-007
   2.8999998904764652        1.1782390240660436E-007
   2.9199998900294304        5.7768829136678388E-007
   2.9399998895823956        2.4955194430162109E-008
   2.9599998891353607        4.5959437937110960E-007
   2.9799998886883259        2.8613876402461934E-007
   2.9999998882412910        5.2301470803155989E-008
   3.0199998877942562        7.0292103189328881E-007
   3.0399998873472214        1.1283863610992134E-007
   3.0599998869001865        1.8279955079608882E-007
   3.0799998864531517        4.4305397402612419E-007
   3.0999998860061169        2.9418922863144905E-008
   3.1199998855590820        7.2247815286041280E-007
