  -2.0000000000000000        4.4758675754260220E-007
  -1.9800000004470348        4.1343009456130045E-007
  -1.9600000008940697        2.0070020276523859E-006
  -1.9400000013411045        6.9984309756494282E-007
  -1.9200000017881393        1.0911501283017248E-007
  -1.9000000022351742        2.9380533640866414E-006
  -1.8800000026822090        2.8812443445579579E-007
  -1.8600000031292439        1.4382496801831412E-007
  -1.8400000035762787        8.0511925202214026E-007
  -1.8200000040233135        9.0670514491555035E-007
  -1.8000000044703484        1.8435683962869186E-006
  -1.7800000049173832        8.2797711066649151E-007
  -1.7600000053644180        1.0935569227263407E-006
  -1.7400000058114529        6.7243971617364015E-007
  -1.7200000062584877        7.1269051307697779E-007
  -1.7000000067055225        1.1818529061006986E-006
  -1.6800000071525574        2.0174415480019786E-007
  -1.6600000075995922        1.8242430280730198E-006
  -1.6400000080466270        1.4374131901165238E-006
  -1.6200000084936619        2.7979614946287040E-008
  -1.6000000089406967        1.4669264416305415E-006
  -1.5800000093877316        1.6681707901488287E-007
  -1.5600000098347664        9.2198490501754809E-007
  -1.5400000102818012        1.8731537945280840E-006
  -1.5200000107288361        2.8582098996294918E-007
  -1.5000000111758709        1.1127945839036623E-006
  -1.4800000116229057        6.7110128986844418E-007
  -1.4600000120699406        8.6942213451908839E-007
  -1.4400000125169754        1.1387310719811927E-006
  -1.4200000129640102        7.1351519271626395E-007
  -1.4000000134110451        1.0854129947344455E-006
  -1.3800000138580799        6.5439470508447364E-007
  -1.3600000143051147        1.5243291789982422E-006
  -1.3400000147521496        5.3070711683267747E-007
  -1.3200000151991844        7.2788372461530484E-007
  -1.3000000156462193        1.5196819024770373E-006
  -1.2800000160932541        3.3507809984118804E-007
  -1.2600000165402889        2.0113305016304523E-006
  -1.2400000169873238        4.0375809766979510E-007
  -1.2200000174343586        5.3799977993631109E-007
  -1.2000000178813934        2.0037144050309887E-006
  -1.1800000183284283        3.7028713044234176E-008
  -1.1600000187754631        2.1245598830018036E-006
  -1.1400000192224979        4.1881354262109714E-007
  -1.1200000196695328        4.2835275653137954E-007
  -1.1000000201165676        2.1222704012715580E-006
  -1.0800000205636024        8.6995224340380497E-007
  -1.0600000210106373        2.2090075698277610E-006
  -1.0400000214576721        2.8432756318451273E-006
  -1.0200000219047070        6.1447174676968665E-006
  -1.0000000223517418        8.1911261319925594E-006
 -0.98000002279877663        2.5218818285853571E-005
 -0.96000002324581146        3.0474054457506175E-005
 -0.94000002369284630        6.3100771127211160E-005
 -0.92000002413988113        1.0857318748273709E-004
 -0.90000002458691597        1.4666891502425846E-004
 -0.88000002503395081        2.8990156324100165E-004
 -0.86000002548098564        4.0776801921286663E-004
 -0.84000002592802048        7.1730635804524289E-004
 -0.82000002637505531        1.1925424013115337E-003
 -0.80000002682209015        1.8244496042828793E-003
 -0.78000002726912498        2.9306999614220623E-003
 -0.76000002771615982        4.0927782775085674E-003
 -0.74000002816319466        5.7360945401889263E-003
 -0.72000002861022949        7.7105491411722741E-003
 -0.70000002905726433        1.0510563248894572E-002
 -0.68000002950429916        1.5233029656218124E-002
 -0.66000002995133400        2.3002943865931658E-002
 -0.64000003039836884        3.5322652214306048E-002
 -0.62000003084540367        5.1875573273052478E-002
 -0.60000003129243851        7.1443521896432619E-002
 -0.58000003173947334        8.9569091660568562E-002
 -0.56000003218650818       0.10378556599626745     
 -0.54000003263354301       0.11558330075106532     
 -0.52000003308057785       0.13419420859808914     
 -0.50000003352761269       0.17887499594366346     
 -0.48000003397464752       0.26791783941153519     
 -0.46000003442168236       0.40609767887433379     
 -0.44000003486871719       0.57207148316891776     
 -0.42000003531575203       0.71378563750562085     
 -0.40000003576278687       0.77048793407082417     
 -0.38000003620982170       0.71876397105244316     
 -0.36000003665685654       0.60115349000840845     
 -0.34000003710389137       0.55046589772212939     
 -0.32000003755092621       0.72723224674774378     
 -0.30000003799796104        1.2248482094646358     
 -0.28000003844499588        1.9790130980739549     
 -0.26000003889203072        2.7196540730227814     
 -0.24000003933906555        3.0955960694742721     
 -0.22000003978610039        2.8428929152981417     
 -0.20000004023313522        2.0182663796461271     
 -0.18000004068017006        1.0315652621272895     
 -0.16000004112720490       0.52058911907526062     
 -0.14000004157423973       0.98742211004134783     
 -0.12000004202127457        2.4638542254061804     
 -0.10000004246830940        4.4204533164149371     
  -8.0000042915344238E-002   5.9069629194210682     
  -6.0000043362379074E-002   6.1578055027325709     
  -4.0000043809413910E-002   4.9049177374366009     
  -2.0000044256448746E-002   2.7766349091495650     
  -4.4703483581542969E-008  0.76006735651383106     
   1.9999954849481583E-002   6.6818156804723692E-003
   3.9999954402446747E-002   1.5516272587299279E-005
   5.9999953955411911E-002   5.5502904175848562E-006
   7.9999953508377075E-002   1.2448027651927558E-006
   9.9999953061342239E-002   6.6134425951085347E-007
  0.11999995261430740        3.3248201639488965E-007
  0.13999995216727257        2.0949447014860502E-007
  0.15999995172023773        2.7143797469386304E-007
  0.17999995127320290        1.0806366176102000E-007
  0.19999995082616806        2.8796267114402693E-007
  0.21999995037913322        7.1345684082769930E-008
  0.23999994993209839        2.9631239033412075E-007
  0.25999994948506355        6.4868981243814497E-008
  0.27999994903802872        3.0847715682730881E-007
  0.29999994859099388        8.2715618324663244E-008
  0.31999994814395905        3.9237181230441281E-007
  0.33999994769692421        1.2715787139815563E-007
  0.35999994724988937        5.0610427154793126E-007
  0.37999994680285454        2.3153098329290013E-007
  0.39999994635581970        6.2546082924758199E-007
  0.41999994590878487        3.8415317920716091E-007
  0.43999994546175003        7.1184460783251463E-007
  0.45999994501471519        6.0662429322117097E-007
  0.47999994456768036        7.0587115482800717E-007
  0.49999994412064552        8.4529352096986636E-007
  0.51999994367361069        6.7128072506750122E-007
  0.53999994322657585        1.0252275491736276E-006
  0.55999994277954102        6.4391001085703946E-007
  0.57999994233250618        1.1438485763862773E-006
  0.59999994188547134        6.9813938400889635E-007
  0.61999994143843651        1.1159743656796070E-006
  0.63999994099140167        8.7390673493875378E-007
  0.65999994054436684        1.0004079466627732E-006
  0.67999994009733200        1.0722127163601144E-006
  0.69999993965029716        8.6082319014713400E-007
  0.71999993920326233        1.2592773077595087E-006
  0.73999993875622749        7.9796848514644273E-007
  0.75999993830919266        1.3068374023912768E-006
  0.77999993786215782        9.4040539113972740E-007
  0.79999993741512299        1.1868461115963492E-006
  0.81999993696808815        1.1869457583994897E-006
  0.83999993652105331        1.0029168289522162E-006
  0.85999993607401848        1.4034927504961021E-006
  0.87999993562698364        9.3109605214688943E-007
  0.89999993517994881        1.4312740947028324E-006
  0.91999993473291397        1.1259542965835486E-006
  0.93999993428587914        1.2125071329803065E-006
  0.95999993383884430        1.4079514148122062E-006
  0.97999993339180946        1.0156679817984438E-006
  0.99999993294477463        1.5132808207853625E-006
   1.0199999324977398        1.1016902474128551E-006
   1.0399999320507050        1.3231597675503602E-006
   1.0599999316036701        1.3815157893663606E-006
   1.0799999311566353        1.0452717659642288E-006
   1.0999999307096004        1.5187253061831326E-006
   1.1199999302625656        1.1037489749528349E-006
   1.1399999298155308        1.2843090025256699E-006
   1.1599999293684959        1.3683037481247793E-006
   1.1799999289214611        1.0232731696292699E-006
   1.1999999284744263        1.4273478915710919E-006
   1.2199999280273914        1.1186100939633670E-006
   1.2399999275803566        1.1459806019948850E-006
   1.2599999271333218        1.3273319879626323E-006
   1.2799999266862869        9.9125592471916034E-007
   1.2999999262392521        1.2376084381691928E-006
   1.3199999257922173        1.1565975911429374E-006
   1.3399999253451824        9.7860986637213762E-007
   1.3599999248981476        1.1923586489942087E-006
   1.3799999244511127        1.0608431854458065E-006
   1.3999999240040779        9.4791827615724285E-007
   1.4199999235570431        1.1259971912591008E-006
   1.4399999231100082        9.9958440040248473E-007
   1.4599999226629734        8.6282663804367914E-007
   1.4799999222159386        1.1531651557917638E-006
   1.4999999217689037        8.5074443682136341E-007
   1.5199999213218689        8.4478035995823011E-007
   1.5399999208748341        1.2056607380599439E-006
   1.5599999204277992        6.0957766584995514E-007
   1.5799999199807644        9.9518010950429903E-007
   1.5999999195337296        1.1115235849539159E-006
   1.6199999190866947        4.4074583008994938E-007
   1.6399999186396599        1.2120145549810184E-006
   1.6599999181926250        8.2776638203455615E-007
   1.6799999177455902        4.9205294906972068E-007
   1.6999999172985554        1.2486265344610141E-006
   1.7199999168515205        5.3606433062828799E-007
   1.7399999164044857        6.8251109125844662E-007
   1.7599999159574509        9.8552344266401479E-007
   1.7799999155104160        4.7468230388439605E-007
   1.7999999150633812        7.6134841140632888E-007
   1.8199999146163464        6.1829119476590255E-007
   1.8399999141693115        6.8793710773687297E-007
   1.8599999137222767        5.9681421569793762E-007
   1.8799999132752419        4.8410476670412301E-007
   1.8999999128282070        9.5331608494050488E-007
   1.9199999123811722        3.2741334158410650E-007
   1.9399999119341373        6.5104186930046920E-007
   1.9599999114871025        9.7048410795164545E-007
   1.9799999110400677        1.9870399556025063E-007
   1.9999999105930328        7.8596636244516963E-007
   2.0199999101459980        6.6115398446851929E-007
   2.0399999096989632        3.3802153849766460E-007
   2.0599999092519283        6.1957085576010430E-007
   2.0799999088048935        3.5732918430960456E-007
   2.0999999083578587        6.9336098819463265E-007
   2.1199999079108238        3.2001113799528517E-007
   2.1399999074637890        4.0040346801835160E-007
   2.1599999070167542        9.5492548038982939E-007
   2.1799999065697193        1.3730352123641836E-007
   2.1999999061226845        5.4380506990287418E-007
   2.2199999056756496        7.3653070487898796E-007
   2.2399999052286148        2.0302730007236095E-007
   2.2599999047815800        4.8752623661540499E-007
   2.2799999043345451        2.6619111887343672E-007
   2.2999999038875103        6.2516706760456821E-007
   2.3199999034404755        4.0185288658868419E-007
   2.3399999029934406        1.2495419523246572E-007
   2.3599999025464058        9.6262148171405830E-007
   2.3799999020993710        2.5184944567279384E-007
   2.3999999016523361        2.2765025532336354E-007
   2.4199999012053013        5.9352274890846502E-007
   2.4399999007582664        1.5286165752012326E-007
   2.4599999003112316        5.7133234844934279E-007
   2.4799998998641968        2.0036426882323561E-007
   2.4999998994171619        3.8598572751527607E-007
   2.5199998989701271        7.6016379426094597E-007
   2.5399998985230923        1.0786074617289725E-007
   2.5599998980760574        4.0358392453782120E-007
   2.5799998976290226        2.6057776879805250E-007
   2.5999998971819878        3.6823414255058041E-007
   2.6199998967349529        5.1425861857409184E-007
   2.6399998962879181        2.2666460606654761E-008
   2.6599998958408833        7.0133646402371755E-007
   2.6799998953938484        3.9306979629346612E-007
   2.6999998949468136        6.4538089251796965E-008
   2.7199998944997787        5.4496472490187983E-007
   2.7399998940527439        1.7763433997434811E-008
   2.7599998936057091        5.2646658039422413E-007
   2.7799998931586742        5.7118657239431345E-007
   2.7999998927116394        1.8810995316627818E-008
   2.8199998922646046        5.1297035687918350E-007
   2.8399998918175697        1.0792305456099882E-007
   2.8599998913705349        3.3338481208031923E-007
   2.8799998909235001        5.5791017377320983E-007
   2.8999998904764652        3.3526383122229136E-008
   2.9199998900294304        5.3030195450464976E-007
   2.9399998895823956        2.3447621876760311E-007
   2.9599998891353607        2.1969353360937070E-007
   2.9799998886883259        4.9967795414221940E-007
   2.9999998882412910        1.9453622139640209E-008
   3.0199998877942562        5.3852414758108042E-007
   3.0399998873472214        3.5512412991908243E-007
   3.0599998869001865        1.6687980983485713E-007
   3.0799998864531517        4.4465746277656390E-007
   3.0999998860061169        9.7936785173312271E-009
   3.1199998855590820        4.9582673731005946E-007
