  -2.0000000000000000        2.0241955405673642E-006
  -1.9800000004470348        6.4793487553785794E-007
  -1.9600000008940697        7.3808245293637529E-007
  -1.9400000013411045        4.7452059577430207E-007
  -1.9200000017881393        1.4420474770454789E-007
  -1.9000000022351742        2.8016275915787613E-006
  -1.8800000026822090        8.0046007810061653E-007
  -1.8600000031292439        1.9831026439381726E-007
  -1.8400000035762787        1.3550883910049332E-006
  -1.8200000040233135        4.0472661727610242E-007
  -1.8000000044703484        9.0488578917694161E-007
  -1.7800000049173832        7.4512962640168067E-007
  -1.7600000053644180        1.1641961301001804E-006
  -1.7400000058114529        1.7854726811427193E-006
  -1.7200000062584877        6.2471941397395251E-007
  -1.7000000067055225        7.6742011121616594E-007
  -1.6800000071525574        1.5151097906807343E-007
  -1.6600000075995922        7.2459509672381031E-007
  -1.6400000080466270        2.2944104703781927E-006
  -1.6200000084936619        2.3420784386474506E-007
  -1.6000000089406967        9.5081493838541158E-007
  -1.5800000093877316        1.1399406683530840E-006
  -1.5600000098347664        1.6572142004297897E-007
  -1.5400000102818012        1.7105007780970397E-006
  -1.5200000107288361        2.9762191730595940E-008
  -1.5000000111758709        9.0006633366586258E-007
  -1.4800000116229057        1.9629119944094028E-006
  -1.4600000120699406        1.1641138701964769E-007
  -1.4400000125169754        1.0146329132059138E-006
  -1.4200000129640102        4.4790079643014055E-007
  -1.4000000134110451        9.4384832916249570E-007
  -1.3800000138580799        1.6823076097673411E-006
  -1.3600000143051147        2.1669133605356702E-007
  -1.3400000147521496        1.0507529572010870E-006
  -1.3200000151991844        8.4235228186638372E-007
  -1.3000000156462193        9.5763237073304439E-007
  -1.2800000160932541        1.3052794767969230E-006
  -1.2600000165402889        3.1721879273580555E-007
  -1.2400000169873238        1.3429699370026864E-006
  -1.2200000174343586        8.4178317187740922E-007
  -1.2000000178813934        1.0498840447984033E-006
  -1.1800000183284283        1.0946128675854173E-006
  -1.1600000187754631        4.1990556082347436E-007
  -1.1400000192224979        1.7603667993302097E-006
  -1.1200000196695328        3.9371925153264364E-007
  -1.1000000201165676        2.5677624330816394E-006
  -1.0800000205636024        1.5358839672280583E-006
  -1.0600000210106373        3.4785445985368169E-006
  -1.0400000214576721        8.5134130699570705E-006
  -1.0200000219047070        9.1897741015962016E-006
  -1.0000000223517418        2.7082514558591644E-005
 -0.98000002279877663        3.7103318819034846E-005
 -0.96000002324581146        6.8925993952134392E-005
 -0.94000002369284630        1.1856968926116232E-004
 -0.92000002413988113        1.7808992229017840E-004
 -0.90000002458691597        2.9869383078796148E-004
 -0.88000002503395081        4.6524814281771504E-004
 -0.86000002548098564        7.5439783844673085E-004
 -0.84000002592802048        1.1975745478779182E-003
 -0.82000002637505531        1.9293387479519314E-003
 -0.80000002682209015        2.8986450150485193E-003
 -0.78000002726912498        4.2927860098197247E-003
 -0.76000002771615982        6.0656547806030303E-003
 -0.74000002816319466        8.1373769793841692E-003
 -0.72000002861022949        1.1284361961616377E-002
 -0.70000002905726433        1.5451547823461266E-002
 -0.68000002950429916        2.2475024748011972E-002
 -0.66000002995133400        3.3414754003067537E-002
 -0.64000003039836884        4.8566468317508799E-002
 -0.62000003084540367        6.8598539486866728E-002
 -0.60000003129243851        8.9438710706532865E-002
 -0.58000003173947334       0.10927699662929333     
 -0.56000003218650818       0.12567713055788743     
 -0.54000003263354301       0.14346544374046458     
 -0.52000003308057785       0.17480516208188732     
 -0.50000003352761269       0.23680921937429936     
 -0.48000003397464752       0.34576047167254964     
 -0.46000003442168236       0.49368450279266174     
 -0.44000003486871719       0.65702533625240067     
 -0.42000003531575203       0.77788900541816253     
 -0.40000003576278687       0.80963624235620457     
 -0.38000003620982170       0.74795201362642671     
 -0.36000003665685654       0.65035526842097169     
 -0.34000003710389137       0.65523274771617035     
 -0.32000003755092621       0.89544775740008031     
 -0.30000003799796104        1.4314393929325593     
 -0.28000003844499588        2.1537827781228311     
 -0.26000003889203072        2.7990140213454371     
 -0.24000003933906555        3.0450984232428091     
 -0.22000003978610039        2.6960691355212196     
 -0.20000004023313522        1.8687021383458240     
 -0.18000004068017006       0.96959052736077633     
 -0.16000004112720490       0.58704916707195431     
 -0.14000004157423973        1.1279704464766720     
 -0.12000004202127457        2.5643848752648966     
 -0.10000004246830940        4.3587712489205650     
  -8.0000042915344238E-002   5.6576434534714632     
  -6.0000043362379074E-002   5.7874166110915981     
  -4.0000043809413910E-002   4.5519360392910215     
  -2.0000044256448746E-002   2.5595788449360204     
  -4.4703483581542969E-008  0.69659893288929386     
   1.9999954849481583E-002   6.1092096450141879E-003
   3.9999954402446747E-002   1.4698967779358280E-005
   5.9999953955411911E-002   4.6276079416015749E-006
   7.9999953508377075E-002   1.5618638500975273E-006
   9.9999953061342239E-002   3.7618959357608478E-007
  0.11999995261430740        4.6760438430502540E-007
  0.13999995216727257        1.4466287070807728E-007
  0.15999995172023773        2.6769945569687569E-007
  0.17999995127320290        1.7252657619336123E-007
  0.19999995082616806        1.8928241350699218E-007
  0.21999995037913322        2.2304098365681257E-007
  0.23999994993209839        1.4038224094573075E-007
  0.25999994948506355        2.3818392637121111E-007
  0.27999994903802872        1.2721964059396263E-007
  0.29999994859099388        2.9176444769182448E-007
  0.31999994814395905        1.3175699089469880E-007
  0.33999994769692421        3.9136404483144244E-007
  0.35999994724988937        1.6776648256591412E-007
  0.37999994680285454        5.3417053611969037E-007
  0.39999994635581970        2.2973775572386427E-007
  0.41999994590878487        7.0658019838304375E-007
  0.43999994546175003        3.4401319777494581E-007
  0.45999994501471519        8.0398719395980614E-007
  0.47999994456768036        5.3389130611537330E-007
  0.49999994412064552        8.2678446750066556E-007
  0.51999994367361069        7.5157666856828149E-007
  0.53999994322657585        7.6069125483812440E-007
  0.55999994277954102        9.9603141031612952E-007
  0.57999994233250618        6.6634644890679283E-007
  0.59999994188547134        1.1425247936029152E-006
  0.61999994143843651        6.5949978511918099E-007
  0.63999994099140167        1.1860608293176688E-006
  0.65999994054436684        7.5483037054948087E-007
  0.67999994009733200        1.1011220811342821E-006
  0.69999993965029716        9.8391892977719716E-007
  0.71999993920326233        9.1624532351243682E-007
  0.73999993875622749        1.2081152268886704E-006
  0.75999993830919266        7.9418943780646945E-007
  0.77999993786215782        1.3287269566649139E-006
  0.79999993741512299        8.3194284213062361E-007
  0.81999993696808815        1.2791314386429697E-006
  0.83999993652105331        1.0763990567932872E-006
  0.85999993607401848        1.0557318225898159E-006
  0.87999993562698364        1.3537093693210332E-006
  0.89999993517994881        9.0463270437819601E-007
  0.91999993473291397        1.4542304996200325E-006
  0.93999993428587914        1.0062595556516253E-006
  0.95999993383884430        1.2998440772810946E-006
  0.97999993339180946        1.3005567089411395E-006
  0.99999993294477463        1.0237727638647093E-006
   1.0199999324977398        1.5071491451768455E-006
   1.0399999320507050        1.0139773310385226E-006
   1.0599999316036701        1.3816804770206744E-006
   1.0799999311566353        1.2729303740082793E-006
   1.0999999307096004        1.0834271493572429E-006
   1.1199999302625656        1.4672695255829476E-006
   1.1399999298155308        1.0377174182715974E-006
   1.1599999293684959        1.3261238814733358E-006
   1.1799999289214611        1.2771944344940044E-006
   1.1999999284744263        1.0381083987230019E-006
   1.2199999280273914        1.3753794166296850E-006
   1.2399999275803566        1.1080913026434871E-006
   1.2599999271333218        1.1214048714989631E-006
   1.2799999266862869        1.3008677719631351E-006
   1.2999999262392521        9.9408385062504976E-007
   1.3199999257922173        1.1686682837293093E-006
   1.3399999253451824        1.2404587157707486E-006
   1.3599999248981476        8.5122558640900337E-007
   1.3799999244511127        1.2877944786036330E-006
   1.3999999240040779        1.0639994373053802E-006
   1.4199999235570431        8.0820316222702164E-007
   1.4399999231100082        1.4395315641732259E-006
   1.4599999226629734        7.1548563442040252E-007
   1.4799999222159386        1.0540936847974495E-006
   1.4999999217689037        1.3308185365915476E-006
   1.5199999213218689        4.9307663977918863E-007
   1.5399999208748341        1.3929451990279819E-006
   1.5599999204277992        8.9547356453998083E-007
   1.5799999199807644        6.5143046812615032E-007
   1.5999999195337296        1.3710444465064640E-006
   1.6199999190866947        5.3737672599435992E-007
   1.6399999186396599        9.2974812994773443E-007
   1.6599999181926250        9.5953578602436838E-007
   1.6799999177455902        6.0287931092949753E-007
   1.6999999172985554        8.6589790231565451E-007
   1.7199999168515205        6.9480228868200588E-007
   1.7399999164044857        8.4594783404413381E-007
   1.7599999159574509        5.0466376836985247E-007
   1.7799999155104160        9.1663751181096274E-007
   1.7999999150633812        7.8830720043997824E-007
   1.8199999146163464        3.5679531590104481E-007
   1.8399999141693115        1.2255276577472322E-006
   1.8599999137222767        4.5458999348658758E-007
   1.8799999132752419        5.7575840777235477E-007
   1.8999999128282070        1.0385785307189103E-006
   1.9199999123811722        3.2605154197022776E-007
   1.9399999119341373        7.0705265547102143E-007
   1.9599999114871025        5.3408584146952263E-007
   1.9799999110400677        6.4609644234809714E-007
   1.9999999105930328        4.7842154355934133E-007
   2.0199999101459980        4.2593210047501999E-007
   2.0399999096989632        1.0116852591925985E-006
   2.0599999092519283        1.8402265680221167E-007
   2.0799999088048935        6.9703039103869223E-007
   2.0999999083578587        8.4610332839220689E-007
   2.1199999079108238        2.0222668254324213E-007
   2.1399999074637890        6.5018760908218283E-007
   2.1599999070167542        3.7061545524214125E-007
   2.1799999065697193        6.2618067106218938E-007
   2.1999999061226845        2.9933145225072461E-007
   2.2199999056756496        3.7945830929456671E-007
   2.2399999052286148        1.0008178279708594E-006
   2.2599999047815800        8.5867869913308285E-008
   2.2799999043345451        5.6823122775977924E-007
   2.2999999038875103        6.5574289732603314E-007
   2.3199999034404755        2.4908161337403046E-007
   2.3399999029934406        4.3062629768913356E-007
   2.3599999025464058        1.8892611073986489E-007
   2.3799999020993710        8.5545978500337873E-007
   2.3999999016523361        2.6004948280757125E-007
   2.4199999012053013        2.5134679576693355E-007
   2.4399999007582664        8.9228524465450115E-007
   2.4599999003112316        9.5086842286396800E-008
   2.4799998998641968        4.4672780539382830E-007
   2.4999998994171619        2.2407669773955973E-007
   2.5199998989701271        4.3281116655069192E-007
   2.5399998985230923        7.2287715492570211E-007
   2.5599998980760574        4.1150435972215309E-008
   2.5799998976290226        6.0710595554623872E-007
   2.5999998971819878        3.2130724556000723E-007
   2.6199998967349529        3.8438661887860888E-007
   2.6399998962879181        2.9530592576076704E-007
   2.6599998958408833        5.3570647507761299E-008
   2.6799998953938484        1.0170840536527996E-006
   2.6999998949468136        1.6627576589626731E-007
   2.7199998944997787        1.7987131832960656E-007
   2.7399998940527439        4.5027267369976476E-007
   2.7599998936057091        1.2753209210488144E-007
   2.7799998931586742        7.2903293755893626E-007
   2.7999998927116394        8.8379897791024626E-008
   2.8199998922646046        3.5796680539260138E-007
   2.8399998918175697        5.3990077500045440E-007
   2.8599998913705349        1.2445137135554801E-007
   2.8799998909235001        4.6745480874794925E-007
   2.8999998904764652        3.6754173832465249E-008
   2.9199998900294304        6.0807905127243955E-007
   2.9399998895823956        5.0304147436769868E-007
   2.9599998891353607        8.5439601757357302E-008
   2.9799998886883259        3.8856462099508034E-007
   2.9999998882412910        1.1960099167635091E-008
   3.0199998877942562        7.5380003187921808E-007
   3.0399998873472214        4.0690641363072889E-007
   3.0599998869001865        5.3297132364734789E-008
   3.0799998864531517        4.2997991865129248E-007
   3.0999998860061169        4.0733903404045084E-008
   3.1199998855590820        4.7662583080066151E-007
