  -2.0000000000000000        3.7081328817121174E-006
  -1.9800000004470348        5.6645337828364049E-007
  -1.9600000008940697        6.7838502277688234E-008
  -1.9400000013411045        1.3658852448539525E-006
  -1.9200000017881393        8.1487302470148341E-008
  -1.9000000022351742        1.4879409923280635E-006
  -1.8800000026822090        9.8367019251709104E-007
  -1.8600000031292439        8.3999901445020354E-007
  -1.8400000035762787        1.9138171704635303E-006
  -1.8200000040233135        9.5465501649826398E-007
  -1.8000000044703484        3.0742826478706576E-007
  -1.7800000049173832        5.6391643229413030E-007
  -1.7600000053644180        8.0062518672535603E-007
  -1.7400000058114529        1.8724312567397530E-006
  -1.7200000062584877        1.3251317050285119E-006
  -1.7000000067055225        6.9466847115423408E-007
  -1.6800000071525574        9.7957782500300637E-007
  -1.6600000075995922        3.8239891754009650E-007
  -1.6400000080466270        1.9547196107539278E-006
  -1.6200000084936619        1.4717913706233931E-007
  -1.6000000089406967        2.3604944975564605E-007
  -1.5800000093877316        3.1198795149580137E-006
  -1.5600000098347664        1.9005946658699337E-007
  -1.5400000102818012        6.6361703579277408E-007
  -1.5200000107288361        9.2620144575083157E-007
  -1.5000000111758709        1.2198431278742119E-007
  -1.4800000116229057        2.6524825597595513E-006
  -1.4600000120699406        2.9958026993840235E-007
  -1.4400000125169754        1.8066263730224146E-007
  -1.4200000129640102        2.2802979982583918E-006
  -1.4000000134110451        2.0243604694241397E-007
  -1.3800000138580799        1.0559362109210812E-006
  -1.3600000143051147        1.1449784093577670E-006
  -1.3400000147521496        4.2851329376327462E-007
  -1.3200000151991844        2.1882863656791648E-006
  -1.3000000156462193        4.6932357990777652E-007
  -1.2800000160932541        5.5958375815848353E-007
  -1.2600000165402889        1.7355806895900697E-006
  -1.2400000169873238        6.9375445974544892E-007
  -1.2200000174343586        1.3952124936627155E-006
  -1.2000000178813934        7.1096605590371211E-007
  -1.1800000183284283        1.3255982602653141E-006
  -1.1600000187754631        1.1622145227421392E-006
  -1.1400000192224979        1.5859466403464423E-006
  -1.1200000196695328        2.1353872219114587E-006
  -1.1000000201165676        1.4401585160298516E-006
  -1.0800000205636024        7.2739511648369800E-006
  -1.0600000210106373        5.6952901675301426E-006
  -1.0400000214576721        1.6152809870239783E-005
  -1.0200000219047070        2.6982905814217874E-005
  -1.0000000223517418        4.0665379816182233E-005
 -0.98000002279877663        8.6732253848653546E-005
 -0.96000002324581146        1.1554032079551029E-004
 -0.94000002369284630        2.1479306251409914E-004
 -0.92000002413988113        3.2235770824528306E-004
 -0.90000002458691597        4.9183333089039354E-004
 -0.88000002503395081        8.3879529875105757E-004
 -0.86000002548098564        1.2083547189171405E-003
 -0.84000002592802048        1.9952043762590135E-003
 -0.82000002637505531        2.9929450056817249E-003
 -0.80000002682209015        4.3264026102784112E-003
 -0.78000002726912498        6.3869096798944702E-003
 -0.76000002771615982        8.5373373826410082E-003
 -0.74000002816319466        1.1790898641708980E-002
 -0.72000002861022949        1.6116686205393541E-002
 -0.70000002905726433        2.2334863239653117E-002
 -0.68000002950429916        3.2296476152611296E-002
 -0.66000002995133400        4.6215161985213325E-002
 -0.64000003039836884        6.5226849699037345E-002
 -0.62000003084540367        8.7442687389602120E-002
 -0.60000003129243851       0.11075134544421894     
 -0.58000003173947334       0.13235143946486266     
 -0.56000003218650818       0.15251037682509785     
 -0.54000003263354301       0.17946573259328250     
 -0.52000003308057785       0.22416059305103886     
 -0.50000003352761269       0.30531807469367778     
 -0.48000003397464752       0.42937117863389390     
 -0.46000003442168236       0.58410615148519107     
 -0.44000003486871719       0.73811770405426347     
 -0.42000003531575203       0.83705116089806175     
 -0.40000003576278687       0.84904516291710541     
 -0.38000003620982170       0.78302352288649180     
 -0.36000003665685654       0.71600899423342823     
 -0.34000003710389137       0.77417300196094085     
 -0.32000003755092621        1.0708780036465475     
 -0.30000003799796104        1.6255466270918222     
 -0.28000003844499588        2.3024260068058164     
 -0.26000003889203072        2.8458903042604131     
 -0.24000003933906555        2.9702532713628860     
 -0.22000003978610039        2.5472420943201404     
 -0.20000004023313522        1.7307397697648124     
 -0.18000004068017006       0.92694408590374511     
 -0.16000004112720490       0.66018692689944602     
 -0.14000004157423973        1.2582007829081856     
 -0.12000004202127457        2.6388669292844074     
 -0.10000004246830940        4.2735962327554757     
  -8.0000042915344238E-002   5.3959895236730002     
  -6.0000043362379074E-002   5.4207148082717822     
  -4.0000043809413910E-002   4.2127917767733525     
  -2.0000044256448746E-002   2.3525709088835685     
  -4.4703483581542969E-008  0.63700445324264177     
   1.9999954849481583E-002   5.5578385975001325E-003
   3.9999954402446747E-002   1.2990581755636775E-005
   5.9999953955411911E-002   4.5385054632188528E-006
   7.9999953508377075E-002   9.0395687500034019E-007
   9.9999953061342239E-002   6.7685046880982981E-007
  0.11999995261430740        7.7523401802774613E-008
  0.13999995216727257        3.4942525126910375E-007
  0.15999995172023773        4.5997629580015270E-008
  0.17999995127320290        2.7518480422217162E-007
  0.19999995082616806        1.0497691439322861E-007
  0.21999995037913322        2.1890924252039306E-007
  0.23999994993209839        1.4332138757564186E-007
  0.25999994948506355        1.9023710142377970E-007
  0.27999994903802872        1.7382797821940330E-007
  0.29999994859099388        1.7805180791597354E-007
  0.31999994814395905        2.3389655504424950E-007
  0.33999994769692421        1.9858550106897261E-007
  0.35999994724988937        3.2840002726076491E-007
  0.37999994680285454        2.4604760258736641E-007
  0.39999994635581970        4.9202970814302585E-007
  0.41999994590878487        3.0330539808897019E-007
  0.43999994546175003        6.5438253768361023E-007
  0.45999994501471519        4.0103607097828915E-007
  0.47999994456768036        7.8746230037482035E-007
  0.49999994412064552        5.2552022747451811E-007
  0.51999994367361069        8.5191911280298165E-007
  0.53999994322657585        7.1085951633914537E-007
  0.55999994277954102        8.2109199464495644E-007
  0.57999994233250618        8.8964685981243490E-007
  0.59999994188547134        7.6482953157227679E-007
  0.61999994143843651        1.0366915659270523E-006
  0.63999994099140167        7.1442416204688674E-007
  0.65999994054436684        1.1145669271193045E-006
  0.67999994009733200        7.6878991281819030E-007
  0.69999993965029716        1.0792471599516663E-006
  0.71999993920326233        9.0854223467796333E-007
  0.73999993875622749        9.8490446007077401E-007
  0.75999993830919266        1.0838375720319664E-006
  0.77999993786215782        8.6832751583746908E-007
  0.79999993741512299        1.2182013071820158E-006
  0.81999993696808815        8.6993361108039844E-007
  0.83999993652105331        1.2190410549102641E-006
  0.85999993607401848        1.0156780759670144E-006
  0.87999993562698364        1.1116676552403667E-006
  0.89999993517994881        1.2095348254708955E-006
  0.91999993473291397        9.8467990338856654E-007
  0.93999993428587914        1.3261788412530631E-006
  0.95999993383884430        1.0277048965936821E-006
  0.97999993339180946        1.2619447362928481E-006
  0.99999993294477463        1.2063309917240741E-006
   1.0199999324977398        1.1062188802279704E-006
   1.0399999320507050        1.3320518412003354E-006
   1.0599999316036701        1.0843971213646007E-006
   1.0799999311566353        1.2801798659640204E-006
   1.0999999307096004        1.2456244988181946E-006
   1.1199999302625656        1.1072308371030220E-006
   1.1399999298155308        1.3252726780619423E-006
   1.1599999293684959        1.1358429181372518E-006
   1.1799999289214611        1.1805004418356291E-006
   1.1999999284744263        1.3327986404949901E-006
   1.2199999280273914        9.8530929771387181E-007
   1.2399999275803566        1.3418923712618272E-006
   1.2599999271333218        1.1495620013460264E-006
   1.2799999266862869        1.0007734857541582E-006
   1.2999999262392521        1.4705020914329082E-006
   1.3199999257922173        7.9830320187558348E-007
   1.3399999253451824        1.3453892696185001E-006
   1.3599999248981476        1.1794031962974941E-006
   1.3799999244511127        8.0590624048760305E-007
   1.3999999240040779        1.5509250544026764E-006
   1.4199999235570431        6.8153230442283136E-007
   1.4399999231100082        1.2529771422397237E-006
   1.4599999226629734        1.1619472982880015E-006
   1.4799999222159386        6.7003291143768617E-007
   1.4999999217689037        1.3962044654288287E-006
   1.5199999213218689        7.0509705780598568E-007
   1.5399999208748341        1.0095962136088716E-006
   1.5599999204277992        9.6856555772166977E-007
   1.5799999199807644        8.1716918303728417E-007
   1.5999999195337296        9.2162476057040154E-007
   1.6199999190866947        7.5939785071662483E-007
   1.6399999186396599        1.0365626553086765E-006
   1.6599999181926250        5.4396982836706366E-007
   1.6799999177455902        1.1135162813277449E-006
   1.6999999172985554        7.2604387740096183E-007
   1.7199999168515205        6.5746024719188352E-007
   1.7399999164044857        1.2158521255537723E-006
   1.7599999159574509        3.5236932813425136E-007
   1.7799999155104160        1.0283594706092379E-006
   1.7999999150633812        7.2635832283285939E-007
   1.8199999146163464        5.4591390287414103E-007
   1.8399999141693115        8.3304571295644146E-007
   1.8599999137222767        5.2931803954660525E-007
   1.8799999132752419        8.2394921234897542E-007
   1.8999999128282070        3.5801722665390607E-007
   1.9199999123811722        9.6412746785852847E-007
   1.9399999119341373        5.5739374225710331E-007
   1.9599999114871025        4.3039007582406818E-007
   1.9799999110400677        1.0846283142530231E-006
   1.9999999105930328        2.5158082566855618E-007
   2.0199999101459980        7.2763145688112030E-007
   2.0399999096989632        5.3274606396183610E-007
   2.0599999092519283        5.5879688842853164E-007
   2.0799999088048935        5.2627800261632582E-007
   2.0999999083578587        3.4526904174215140E-007
   2.1199999079108238        9.7395539655672712E-007
   2.1399999074637890        1.5400664611988232E-007
   2.1599999070167542        7.0369390157576920E-007
   2.1799999065697193        6.7928574851331337E-007
   2.1999999061226845        2.8252580668290179E-007
   2.2199999056756496        5.9314640014950053E-007
   2.2399999052286148        2.5750060890415850E-007
   2.2599999047815800        7.9943035330134776E-007
   2.2799999043345451        1.5793270138156581E-007
   2.2999999038875103        5.4551123864339046E-007
   2.3199999034404755        8.0938605104184337E-007
   2.3399999029934406        1.0799738373684203E-007
   2.3599999025464058        6.0857990665480193E-007
   2.3799999020993710        2.6620266613398232E-007
   2.3999999016523361        6.1042252517587854E-007
   2.4199999012053013        2.4956385124445002E-007
   2.4399999007582664        3.6843785791818450E-007
   2.4599999003112316        8.6178158692841732E-007
   2.4799998998641968        3.3885888127348062E-008
   2.4999998994171619        5.8975371968006961E-007
   2.5199998989701271        2.5456915619813243E-007
   2.5399998985230923        3.9605682155391632E-007
   2.5599998980760574        5.2926907050928067E-007
   2.5799998976290226        1.7697352351168479E-007
   2.5999998971819878        7.1241615507634858E-007
   2.6199998967349529        1.6163097955434667E-007
   2.6399998962879181        5.4087185924006446E-007
   2.6599998958408833        1.6319124074600880E-007
   2.6799998953938484        2.7393325630089646E-007
   2.6999998949468136        8.3223168698259084E-007
   2.7199998944997787        3.6636563718395392E-009
   2.7399998940527439        5.3377733270441718E-007
   2.7599998936057091        2.1008670949226222E-007
   2.7799998931586742        3.7219996494426914E-007
   2.7999998927116394        4.7878023055016425E-007
   2.8199998922646046        1.2494444929464062E-007
   2.8399998918175697        6.5359385013308307E-007
   2.8599998913705349        1.1409322373861755E-007
   2.8799998909235001        4.9579809992797231E-007
   2.8999998904764652        1.8105388871832006E-007
   2.9199998900294304        2.9507968674623687E-007
   2.9399998895823956        6.9741388640333047E-007
   2.9599998891353607        8.2853187924812989E-009
   2.9799998886883259        5.7893020248286802E-007
   2.9999998882412910        4.0421697563829945E-008
   3.0199998877942562        4.1606354027845034E-007
   3.0399998873472214        6.1510557593044541E-007
   3.0599998869001865        3.6712937092398896E-008
   3.0799998864531517        5.6619478094841262E-007
   3.0999998860061169        3.5348952529299162E-008
   3.1199998855590820        1.5250980325296555E-007
