  -2.0000000000000000        8.3316667925568575E-010
  -1.9800000004470348        2.5723097088449371E-010
  -1.9600000008940697        1.0730472962156428E-009
  -1.9400000013411045        2.7634073174445547E-009
  -1.9200000017881393        3.5809733463610043E-009
  -1.9000000022351742        4.1766148442386080E-009
  -1.8800000026822090        5.1791656686265451E-009
  -1.8600000031292439        5.2127105592030962E-009
  -1.8400000035762787        5.8469943766012699E-009
  -1.8200000040233135        6.4365284913745149E-009
  -1.8000000044703484        6.2606880881825764E-009
  -1.7800000049173832        6.5483606039128390E-009
  -1.7600000053644180        7.2290017020287311E-009
  -1.7400000058114529        7.3104217508457725E-009
  -1.7200000062584877        7.0259582570450264E-009
  -1.7000000067055225        7.1740590563637594E-009
  -1.6800000071525574        7.7470863266398753E-009
  -1.6600000075995922        8.1471706433752733E-009
  -1.6400000080466270        8.0610040704457117E-009
  -1.6200000084936619        7.7001876701456849E-009
  -1.6000000089406967        7.4537902545328640E-009
  -1.5800000093877316        7.5460867841615342E-009
  -1.5600000098347664        7.9648725530752495E-009
  -1.5400000102818012        8.5668311412572781E-009
  -1.5200000107288361        9.1981475620307354E-009
  -1.5000000111758709        9.7567870851406591E-009
  -1.4800000116229057        1.0199074430317446E-008
  -1.4600000120699406        1.0523764967495683E-008
  -1.4400000125169754        1.0747878762785496E-008
  -1.4200000129640102        1.0897287773975238E-008
  -1.4000000134110451        1.0994388639541806E-008
  -1.3800000138580799        1.1049763929733851E-008
  -1.3600000143051147        1.1107111459438169E-008
  -1.3400000147521496        1.1086758068578791E-008
  -1.3200000151991844        1.1213327978060288E-008
  -1.3000000156462193        1.1018019896317034E-008
  -1.2800000160932541        1.1422694691243869E-008
  -1.2600000165402889        1.0847055218547491E-008
  -1.2400000169873238        1.1653233918058116E-008
  -1.2200000174343586        1.1184486166077064E-008
  -1.2000000178813934        1.0731068001834934E-008
  -1.1800000183284283        1.5785138943539282E-008
  -1.1600000187754631        5.3813942568310489E-009
  -1.1400000192224979        4.0420168792561927E-008
  -1.1200000196695328        3.8821991256563693E-009
  -1.1000000201165676        1.5440862214077618E-007
  -1.0800000205636024        1.5903482149806096E-007
  -1.0600000210106373        7.5356730757076274E-007
  -1.0400000214576721        1.6083121003725642E-006
  -1.0200000219047070        4.3207691252478392E-006
  -1.0000000223517418        1.0964944621734500E-005
 -0.98000002279877663        2.5063214917044204E-005
 -0.96000002324581146        6.1516043257609136E-005
 -0.94000002369284630        1.3306713166706208E-004
 -0.92000002413988113        3.0073969296790036E-004
 -0.90000002458691597        6.2455377665232234E-004
 -0.88000002503395081        1.3003475143654583E-003
 -0.86000002548098564        2.5738640740305277E-003
 -0.84000002592802048        4.9803944225236775E-003
 -0.82000002637505531        9.3205248244887622E-003
 -0.80000002682209015        1.6870943310824591E-002
 -0.78000002726912498        2.9708206957385953E-002
 -0.76000002771615982        5.0470524188537015E-002
 -0.74000002816319466        8.3447361188326977E-002
 -0.72000002861022949       0.13322110946995339     
 -0.70000002905726433       0.20668906578692095     
 -0.68000002950429916       0.31014656325117052     
 -0.66000002995133400       0.45154350540397692     
 -0.64000003039836884       0.63673663924743173     
 -0.62000003084540367       0.87013152272559913     
 -0.60000003129243851        1.1527834201313079     
 -0.58000003173947334        1.4789845542037743     
 -0.56000003218650818        1.8405540361790220     
 -0.54000003263354301        2.2172447002037954     
 -0.52000003308057785        2.5917104774269015     
 -0.50000003352761269        2.9316416889406929     
 -0.48000003397464752        3.2187207442172521     
 -0.46000003442168236        3.4185321547678109     
 -0.44000003486871719        3.5256642246948231     
 -0.42000003531575203        3.5158227311047763     
 -0.40000003576278687        3.4054910080124010     
 -0.38000003620982170        3.1903021307693065     
 -0.36000003665685654        2.8990931910942956     
 -0.34000003710389137        2.5554985865268134     
 -0.32000003755092621        2.1754685085970169     
 -0.30000003799796104        1.8038002876923978     
 -0.28000003844499588        1.4443729811706711     
 -0.26000003889203072        1.1181747073774044     
 -0.24000003933906555       0.84592956388060880     
 -0.22000003978610039       0.61665417938802902     
 -0.20000004023313522       0.43257459950069854     
 -0.18000004068017006       0.29725416022159662     
 -0.16000004112720490       0.19970849801773111     
 -0.14000004157423973       0.12829636185546989     
 -0.12000004202127457        7.7946744700475218E-002
 -0.10000004246830940        4.6118579613693651E-002
  -8.0000042915344238E-002   2.7822057537260358E-002
  -6.0000043362379074E-002   1.7599371432628314E-002
  -4.0000043809413910E-002   1.0875120514352108E-002
  -2.0000044256448746E-002   5.5535446469005927E-003
  -4.4703483581542969E-008   1.4679129063852221E-003
   1.9999954849481583E-002   1.6592226765210650E-005
   3.9999954402446747E-002   7.6645271996880336E-007
   5.9999953955411911E-002   3.0877408604822536E-006
   7.9999953508377075E-002   4.4561061684418911E-006
   9.9999953061342239E-002   7.3556689499578033E-006
  0.11999995261430740        9.4567338884760424E-006
  0.13999995216727257        1.1403771336608350E-005
  0.15999995172023773        1.2775912705650668E-005
  0.17999995127320290        1.1718299454958455E-005
  0.19999995082616806        1.0412551987190820E-005
  0.21999995037913322        7.9104823832053124E-006
  0.23999994993209839        5.0067285527604637E-006
  0.25999994948506355        3.3672296304708494E-006
  0.27999994903802872        2.5029772537714064E-006
  0.29999994859099388        1.9753985826320254E-006
  0.31999994814395905        1.5695851606330107E-006
  0.33999994769692421        1.3286562748961599E-006
  0.35999994724988937        1.1245107309959551E-006
  0.37999994680285454        9.5496875039633635E-007
  0.39999994635581970        7.5994078317610836E-007
  0.41999994590878487        5.3514195125851509E-007
  0.43999994546175003        3.4893539033317210E-007
  0.45999994501471519        2.2317161940017362E-007
  0.47999994456768036        1.4159184843525121E-007
  0.49999994412064552        8.9499212007401600E-008
  0.51999994367361069        5.7036294316725534E-008
  0.53999994322657585        3.6990766310364911E-008
  0.55999994277954102        2.4674425115909351E-008
  0.57999994233250618        1.7056796009676696E-008
  0.59999994188547134        1.2255356245155913E-008
  0.61999994143843651        9.1633908890736253E-009
  0.63999994099140167        7.1224469143876175E-009
  0.65999994054436684        5.7402378501718643E-009
  0.67999994009733200        4.7798162835255192E-009
  0.69999993965029716        4.0950847494288634E-009
  0.71999993920326233        3.5946482244127366E-009
  0.73999993875622749        3.2201528279596497E-009
  0.75999993830919266        2.9336534301510269E-009
  0.77999993786215782        2.7099863946902732E-009
  0.79999993741512299        2.5321264949193030E-009
  0.81999993696808815        2.3883274711868547E-009
  0.83999993652105331        2.2703257935507100E-009
  0.85999993607401848        2.1721990288778646E-009
  0.87999993562698364        2.0896265282337593E-009
  0.89999993517994881        2.0194030649003551E-009
  0.91999993473291397        1.9591134220157389E-009
  0.93999993428587914        1.9069110111084267E-009
  0.95999993383884430        1.8613648478096640E-009
  0.97999993339180946        1.8213521119639675E-009
  0.99999993294477463        1.7859815903167826E-009
   1.0199999324977398        1.7545383498367132E-009
   1.0399999320507050        1.7264432177537445E-009
   1.0599999316036701        1.7012227306298035E-009
   1.0799999311566353        1.6784865825456977E-009
   1.0999999307096004        1.6579105122635801E-009
   1.1199999302625656        1.6392231815118109E-009
   1.1399999298155308        1.6221960147975891E-009
   1.1599999293684959        1.6066352598627076E-009
   1.1799999289214611        1.5923757297281728E-009
   1.1999999284744263        1.5792758301453234E-009
   1.2199999280273914        1.5672135781862651E-009
   1.2399999275803566        1.5560833917957668E-009
   1.2599999271333218        1.5457934832309355E-009
   1.2799999266862869        1.5362637294829543E-009
   1.2999999262392521        1.5274239220253155E-009
   1.3199999257922173        1.5192123200370862E-009
   1.3399999253451824        1.5115744482982713E-009
   1.3599999248981476        1.5044620932024843E-009
   1.3799999244511127        1.4978324603321984E-009
   1.3999999240040779        1.4916474644510870E-009
   1.4199999235570431        1.4858731286036751E-009
   1.4399999231100082        1.4804790734592609E-009
   1.4599999226629734        1.4754380818449097E-009
   1.4799999222159386        1.4707257261701535E-009
   1.4999999217689037        1.4663200485229519E-009
   1.5199999213218689        1.4622012852644523E-009
   1.5399999208748341        1.4583516293604712E-009
   1.5599999204277992        1.4547550248301378E-009
   1.5799999199807644        1.4513969885289745E-009
   1.5999999195337296        1.4482644555467563E-009
   1.6199999190866947        1.4453456448662392E-009
   1.6399999186396599        1.4426299427011247E-009
   1.6599999181926250        1.4401078011415637E-009
   1.6799999177455902        1.4377706502282180E-009
   1.6999999172985554        1.4356108219994032E-009
   1.7199999168515205        1.4336214850288241E-009
   1.7399999164044857        1.4317965885461633E-009
   1.7599999159574509        1.4301308150288944E-009
   1.7799999155104160        1.4286195407385381E-009
   1.7999999150633812        1.4272588036089310E-009
   1.8199999146163464        1.4260452779805778E-009
   1.8399999141693115        1.4249762560000232E-009
   1.8599999137222767        1.4240496353770818E-009
   1.8799999132752419        1.4232639136912936E-009
   1.8999999128282070        1.4226181892300768E-009
   1.9199999123811722        1.4221121685783397E-009
   1.9399999119341373        1.4217461814153578E-009
   1.9599999114871025        1.4215212031231683E-009
   1.9799999110400677        1.4214388860005334E-009
   1.9999999105930328        1.4215015999858269E-009
   2.0199999101459980        1.4217124844029020E-009
   2.0399999096989632        1.4220755122164085E-009
   2.0599999092519283        1.4225955689993691E-009
   2.0799999088048935        1.4232785491621815E-009
   2.0999999083578587        1.4241314727692860E-009
   2.1199999079108238        1.4251626271378684E-009
   2.1399999074637890        1.4263817382513297E-009
   2.1599999070167542        1.4278001786282468E-009
   2.1799999065697193        1.4294312199086608E-009
   2.1999999061226845        1.4312903407289339E-009
   2.2199999056756496        1.4333956032397336E-009
   2.2399999052286148        1.4357681157372581E-009
   2.2599999047815800        1.4384326038957415E-009
   2.2799999043345451        1.4414181202604815E-009
   2.2999999038875103        1.4447589318307371E-009
   2.3199999034404755        1.4484956404430011E-009
   2.3399999029934406        1.4526766137641288E-009
   2.3599999025464058        1.4573598426850683E-009
   2.3799999020993710        1.4626154062944179E-009
   2.3999999016523361        1.4685288417506571E-009
   2.4199999012053013        1.4752059254335519E-009
   2.4399999007582664        1.4827797371865238E-009
   2.4599999003112316        1.4914214702000666E-009
   2.4799998998641968        1.5013572317265219E-009
   2.4999998994171619        1.5128935390067157E-009
   2.5199998989701271        1.5264522960836161E-009
   2.5399998985230923        1.5426056808807855E-009
   2.5599998980760574        1.5620681162578610E-009
   2.5799998976290226        1.5855193616628871E-009
   2.5999998971819878        1.6129692400333364E-009
   2.6199998967349529        1.6421563817922750E-009
   2.6399998962879181        1.6654577675188305E-009
   2.6599998958408833        1.6657498899977535E-009
   2.6799998953938484        1.6148905124787662E-009
   2.6999998949468136        1.4841038391684651E-009
   2.7199998944997787        1.2775114551415302E-009
   2.7399998940527439        1.0810419140952511E-009
   2.7599998936057091        1.0640866093866280E-009
   2.7799998931586742        1.3306355850135905E-009
   2.7999998927116394        1.6620554005945230E-009
   2.8199998922646046        1.5705643630230815E-009
   2.8399998918175697        1.0295894770057258E-009
   2.8599998913705349        9.6826586129356466E-010
   2.8799998909235001        1.7950911873854663E-009
   2.8999998904764652        1.8521243586685736E-009
   2.9199998900294304        7.0768387948713540E-010
   2.9399998895823956        1.4454872660826620E-009
   2.9599998891353607        2.7320276452821011E-009
   2.9799998886883259        6.2905416438707443E-010
   2.9999998882412910        1.8689405346753543E-009
   3.0199998877942562        4.0437642774230356E-009
   3.0399998873472214        3.1755968844536620E-011
   3.0599998869001865        5.7873357902468072E-009
   3.0799998864531517        4.1414907533162802E-009
   3.0999998860061169        3.2511843525181732E-009
   3.1199998855590820        1.2415836337560516E-008
