  -2.0000000000000000        3.6527322871247236E-006
  -1.9800000004470348        3.1279768810610048E-007
  -1.9600000008940697        2.6927731225377761E-007
  -1.9400000013411045        2.2388952349414379E-006
  -1.9200000017881393        2.4265053621258563E-007
  -1.9000000022351742        3.3699164502379971E-007
  -1.8800000026822090        8.0047281613734488E-007
  -1.8600000031292439        6.5297631406020275E-007
  -1.8400000035762787        1.8992415248493062E-006
  -1.8200000040233135        1.5045345558124954E-006
  -1.8000000044703484        4.2677674358420016E-007
  -1.7800000049173832        7.5975634837097487E-007
  -1.7600000053644180        4.6991517354601938E-007
  -1.7400000058114529        1.4772943501839428E-006
  -1.7200000062584877        6.9853843818652021E-007
  -1.7000000067055225        1.9455726257304453E-007
  -1.6800000071525574        2.6331083136968657E-006
  -1.6600000075995922        8.3834818000481575E-007
  -1.6400000080466270        3.5749331499099812E-007
  -1.6200000084936619        6.8959408222906180E-007
  -1.6000000089406967        3.5400966145676494E-008
  -1.5800000093877316        2.4582964219544027E-006
  -1.5600000098347664        8.7537304183294494E-007
  -1.5400000102818012        4.3226160957369304E-009
  -1.5200000107288361        1.9695147297204573E-006
  -1.5000000111758709        2.7447047419359459E-007
  -1.4800000116229057        8.0979599181231384E-007
  -1.4600000120699406        1.3783836057132686E-006
  -1.4400000125169754        7.8545764968855199E-009
  -1.4200000129640102        1.9005838918997088E-006
  -1.4000000134110451        1.0205998275429476E-006
  -1.3800000138580799        8.5385921904717359E-008
  -1.3600000143051147        2.0810600722931046E-006
  -1.3400000147521496        1.0139721799818665E-007
  -1.3200000151991844        9.3229565317196067E-007
  -1.3000000156462193        2.0719733961768955E-006
  -1.2800000160932541        3.8661321761730646E-008
  -1.2600000165402889        1.9619226504865438E-006
  -1.2400000169873238        7.8016833335566666E-007
  -1.2200000174343586        4.9050861614723923E-007
  -1.2000000178813934        2.5271671331976393E-006
  -1.1800000183284283        7.3948406000622343E-007
  -1.1600000187754631        1.7720040152540072E-006
  -1.1400000192224979        2.2551381564148167E-006
  -1.1200000196695328        4.5294234364007077E-006
  -1.1000000201165676        4.7648992662017349E-006
  -1.0800000205636024        1.0066515084405917E-005
  -1.0600000210106373        1.9826970384229276E-005
  -1.0400000214576721        2.4079953527508888E-005
  -1.0200000219047070        5.9139981387676491E-005
  -1.0000000223517418        8.2592012551603106E-005
 -0.98000002279877663        1.3599155928829826E-004
 -0.96000002324581146        2.4006809867328796E-004
 -0.94000002369284630        3.3634606556976198E-004
 -0.92000002413988113        5.6544377412963539E-004
 -0.90000002458691597        8.5161547262095822E-004
 -0.88000002503395081        1.3120517225811237E-003
 -0.86000002548098564        2.0428520791363203E-003
 -0.84000002592802048        3.0228494035371999E-003
 -0.82000002637505531        4.5556146172713663E-003
 -0.80000002682209015        6.3964179927713354E-003
 -0.78000002726912498        9.0131514070987476E-003
 -0.76000002771615982        1.2299127768150432E-002
 -0.74000002816319466        1.6467917671495597E-002
 -0.72000002861022949        2.2959830941933188E-002
 -0.70000002905726433        3.1527611427063652E-002
 -0.68000002950429916        4.4591361881692465E-002
 -0.66000002995133400        6.2562485103174470E-002
 -0.64000003039836884        8.4171945383688718E-002
 -0.62000003084540367       0.10991868057498093     
 -0.60000003129243851       0.13497485809974152     
 -0.58000003173947334       0.15958011773104419     
 -0.56000003218650818       0.18607957497495706     
 -0.54000003263354301       0.22265736626715299     
 -0.52000003308057785       0.28411613624730009     
 -0.50000003352761269       0.38087620538140099     
 -0.48000003397464752       0.51854980762280967     
 -0.46000003442168236       0.67410914764594976     
 -0.44000003486871719       0.81373599532455454     
 -0.42000003531575203       0.89397323684357610     
 -0.40000003576278687       0.88713965951723428     
 -0.38000003620982170       0.82818526861649999     
 -0.36000003665685654       0.79434798334254686     
 -0.34000003710389137       0.90520196810626385     
 -0.32000003755092621        1.2461546302982649     
 -0.30000003799796104        1.8021665918959191     
 -0.28000003844499588        2.4246805089107495     
 -0.26000003889203072        2.8585927513227167     
 -0.24000003933906555        2.8789903452316805     
 -0.22000003978610039        2.3977027529265080     
 -0.20000004023313522        1.6057208459331860     
 -0.18000004068017006       0.90103408645316574     
 -0.16000004112720490       0.73658170805687517     
 -0.14000004157423973        1.3753716540537251     
 -0.12000004202127457        2.6867547790943029     
 -0.10000004246830940        4.1707610570534595     
  -8.0000042915344238E-002   5.1240328260661085     
  -6.0000043362379074E-002   5.0614920897920870     
  -4.0000043809413910E-002   3.8916311103359931     
  -2.0000044256448746E-002   2.1541201034668567     
  -4.4703483581542969E-008  0.58230394163170174     
   1.9999954849481583E-002   5.1004933927868215E-003
   3.9999954402446747E-002   1.2088074804244711E-005
   5.9999953955411911E-002   3.9626084175951943E-006
   7.9999953508377075E-002   1.2639217313609894E-006
   9.9999953061342239E-002   2.6781144839935737E-007
  0.11999995261430740        4.4546342790930269E-007
  0.13999995216727257        1.1799682835597125E-008
  0.15999995172023773        3.4613601389537914E-007
  0.17999995127320290        2.4264016253315883E-008
  0.19999995082616806        3.0478417580492811E-007
  0.21999995037913322        7.8843958659227235E-008
  0.23999994993209839        2.6137231041221005E-007
  0.25999994948506355        1.1415460872113583E-007
  0.27999994903802872        2.2950175983894784E-007
  0.29999994859099388        1.6008222005392312E-007
  0.31999994814395905        2.1603588543993035E-007
  0.33999994769692421        2.1835500220858833E-007
  0.35999994724988937        2.4152557254938408E-007
  0.37999994680285454        3.4122014979345276E-007
  0.39999994635581970        2.7843974391097411E-007
  0.41999994590878487        5.1421871025068415E-007
  0.43999994546175003        3.2869343295964351E-007
  0.45999994501471519        6.8981994496188254E-007
  0.47999994456768036        3.9925449433219057E-007
  0.49999994412064552        8.3319271853839614E-007
  0.51999994367361069        5.1761264150177230E-007
  0.53999994322657585        8.7763384448327616E-007
  0.55999994277954102        6.9256163432266884E-007
  0.57999994233250618        8.4487799182583483E-007
  0.59999994188547134        8.8394879027404266E-007
  0.61999994143843651        7.5970703144947072E-007
  0.63999994099140167        1.0511540756042286E-006
  0.65999994054436684        7.0151591392708296E-007
  0.67999994009733200        1.1138789873158352E-006
  0.69999993965029716        7.4268981288499579E-007
  0.71999993920326233        1.0819053668982242E-006
  0.73999993875622749        8.9184962896972504E-007
  0.75999993830919266        9.6396727028488838E-007
  0.77999993786215782        1.0897774507282445E-006
  0.79999993741512299        8.4624709072236344E-007
  0.81999993696808815        1.2057478662832952E-006
  0.83999993652105331        8.5075412777948356E-007
  0.85999993607401848        1.1878386402650316E-006
  0.87999993562698364        1.0213559792347528E-006
  0.89999993517994881        1.0535212890205179E-006
  0.91999993473291397        1.2354738217615822E-006
  0.93999993428587914        9.3863043913526225E-007
  0.95999993383884430        1.3038455594055942E-006
  0.97999993339180946        1.0350549187928446E-006
  0.99999993294477463        1.1646036001121293E-006
   1.0199999324977398        1.2945085227197098E-006
   1.0399999320507050        9.7438339675952413E-007
   1.0599999316036701        1.4095136075110276E-006
   1.0799999311566353        1.0292439172634459E-006
   1.0999999307096004        1.2286335276054028E-006
   1.1199999302625656        1.3714299291878261E-006
   1.1399999298155308        8.9385882495657406E-007
   1.1599999293684959        1.5799736609733604E-006
   1.1799999289214611        9.1509337706305424E-007
   1.1999999284744263        1.3073429682423882E-006
   1.2199999280273914        1.3827533981199696E-006
   1.2399999275803566        8.1851666911878842E-007
   1.2599999271333218        1.6899699003233491E-006
   1.2799999266862869        7.6541001738118974E-007
   1.2999999262392521        1.3999157307789912E-006
   1.3199999257922173        1.2506195544086652E-006
   1.3399999253451824        8.0704442626599658E-007
   1.3599999248981476        1.5544248816133491E-006
   1.3799999244511127        7.5506573152152176E-007
   1.3999999240040779        1.2558982786792002E-006
   1.4199999235570431        1.0263581277116185E-006
   1.4399999231100082        9.6863894964585232E-007
   1.4599999226629734        1.0543921480496877E-006
   1.4799999222159386        9.7802345934056957E-007
   1.4999999217689037        9.7941066986037917E-007
   1.5199999213218689        8.5144200876879774E-007
   1.5399999208748341        1.2575721874470939E-006
   1.5599999204277992        5.3593026660937776E-007
   1.5799999199807644        1.3257834859401839E-006
   1.5999999195337296        8.3712348696070748E-007
   1.6199999190866947        7.1122319734735248E-007
   1.6399999186396599        1.3597970498992806E-006
   1.6599999181926250        4.3910639154384704E-007
   1.6799999177455902        1.1246051601987083E-006
   1.6999999172985554        7.2862185710852491E-007
   1.7199999168515205        7.8100119754945960E-007
   1.7399999164044857        7.4387435330741549E-007
   1.7599999159574509        7.7147840747547111E-007
   1.7799999155104160        8.1914662430685786E-007
   1.7999999150633812        5.0498997772407594E-007
   1.8199999146163464        1.2071000320797519E-006
   1.8399999141693115        3.2399297120800330E-007
   1.8599999137222767        9.9062601317628610E-007
   1.8799999132752419        8.0951518178820233E-007
   1.8999999128282070        3.9280951889472194E-007
   1.9199999123811722        9.0116854292959629E-007
   1.9399999119341373        4.6238363196094689E-007
   1.9599999114871025        7.6795278997961843E-007
   1.9799999110400677        3.1190393131407066E-007
   1.9999999105930328        1.0084634973787343E-006
   2.0199999101459980        4.7598788273181313E-007
   2.0399999096989632        4.5433244257147231E-007
   2.0599999092519283        1.0460922675072214E-006
   2.0799999088048935        2.2167718046312709E-007
   2.0999999083578587        6.9986665168085864E-007
   2.1199999079108238        3.7282734364574322E-007
   2.1399999074637890        7.6610775650111881E-007
   2.1599999070167542        3.0344173982537758E-007
   2.1799999065697193        5.2460172110286466E-007
   2.1999999061226845        9.4437743114255108E-007
   2.2199999056756496        1.1065648058084739E-007
   2.2399999052286148        7.6055554151744613E-007
   2.2599999047815800        3.4536626117098421E-007
   2.2799999043345451        6.0844813842289136E-007
   2.2999999038875103        2.4162756952482458E-007
   2.3199999034404755        5.2184463915877194E-007
   2.3399999029934406        8.3422632460497833E-007
   2.3599999025464058        5.9097915191232835E-008
   2.3799999020993710        7.7311361504804710E-007
   2.3999999016523361        2.9359078522147663E-007
   2.4199999012053013        5.0945104204686762E-007
   2.4399999007582664        2.2627610583948699E-007
   2.4599999003112316        5.4425309550825420E-007
   2.4799998998641968        7.3426526213114144E-007
   2.4999998994171619        2.0103281423437036E-008
   2.5199998989701271        7.6297902225291035E-007
   2.5399998985230923        1.8580867098678453E-007
   2.5599998980760574        4.7123182278127858E-007
   2.5799998976290226        3.0635414677016359E-007
   2.5999998971819878        5.0453728601643238E-007
   2.6199998967349529        6.4216451520086581E-007
   2.6399998962879181        5.6653777623413315E-008
   2.6599998958408833        6.4095977800648063E-007
   2.6799998953938484        3.6397080405109201E-008
   2.6999998949468136        6.8631414914811109E-007
   2.7199998944997787        3.7512292722911205E-007
   2.7399998940527439        2.2246812628652209E-007
   2.7599998936057091        5.9162703490290546E-007
   2.7799998931586742        1.3721089503936680E-007
   2.7999998927116394        5.7388335228361785E-007
   2.8199998922646046        4.1506404675669465E-008
   2.8399998918175697        7.4326603385363988E-007
   2.8599998913705349        3.2671923690984630E-007
   2.8799998909235001        2.0949020061302420E-007
   2.8999998904764652        4.2263359700090251E-007
   2.9199998900294304        6.2145950992258199E-008
   2.9399998895823956        9.5652648883335762E-007
   2.9599998891353607        6.7723739402620420E-008
   2.9799998886883259        3.2286061913207879E-007
   2.9999998882412910        2.1799818236106859E-007
   3.0199998877942562        4.1072343381853084E-007
   3.0399998873472214        7.1392513828490269E-007
   3.0599998869001865        1.4534086719272211E-008
   3.0799998864531517        4.6194577033073702E-007
   3.0999998860061169        1.1121938523222217E-007
   3.1199998855590820        2.4241287460022264E-007
