  -2.0000000000000000        1.0462162525231333E-009
  -1.9800000004470348        1.3973933843024979E-009
  -1.9600000008940697        4.7906847149724324E-009
  -1.9400000013411045        6.9329094695775784E-009
  -1.9200000017881393        7.7300746666294126E-009
  -1.9000000022351742        9.6773112794485798E-009
  -1.8800000026822090        9.7185948821352884E-009
  -1.8600000031292439        1.0905373361957574E-008
  -1.8400000035762787        1.1298003219208852E-008
  -1.8200000040233135        1.1396046208165158E-008
  -1.8000000044703484        1.2348043471425762E-008
  -1.7800000049173832        1.2325960429322115E-008
  -1.7600000053644180        1.2221488406267732E-008
  -1.7400000058114529        1.3001564965374944E-008
  -1.7200000062584877        1.3272754013623180E-008
  -1.7000000067055225        1.2828027137530875E-008
  -1.6800000071525574        1.2910806532787850E-008
  -1.6600000075995922        1.3583540446509492E-008
  -1.6400000080466270        1.3852192232077461E-008
  -1.6200000084936619        1.3448422435217315E-008
  -1.6000000089406967        1.3045508286271388E-008
  -1.5800000093877316        1.3192154836636168E-008
  -1.5600000098347664        1.3739852838430984E-008
  -1.5400000102818012        1.4175846849628648E-008
  -1.5200000107288361        1.4155120096669526E-008
  -1.5000000111758709        1.3690983291563322E-008
  -1.4800000116229057        1.3022511275573031E-008
  -1.4600000120699406        1.2407702725025410E-008
  -1.4400000125169754        1.2001121454365789E-008
  -1.4200000129640102        1.1844980047475369E-008
  -1.4000000134110451        1.1892972521068845E-008
  -1.3800000138580799        1.2095147414166076E-008
  -1.3600000143051147        1.2345775649613858E-008
  -1.3400000147521496        1.2669069108837035E-008
  -1.3200000151991844        1.2899418177648678E-008
  -1.3000000156462193        1.3216973878259927E-008
  -1.2800000160932541        1.3391949056571397E-008
  -1.2600000165402889        1.3466057475687737E-008
  -1.2400000169873238        1.4154893999763475E-008
  -1.2200000174343586        1.2681908529813918E-008
  -1.2000000178813934        1.6677549459540676E-008
  -1.1800000183284283        9.1318291359038775E-009
  -1.1600000187754631        2.5029310019663805E-008
  -1.1400000192224979        3.9189676609128845E-009
  -1.1200000196695328        5.0690464213790277E-008
  -1.1000000201165676        3.6061461093806542E-008
  -1.0800000205636024        1.6100641565812944E-007
  -1.0600000210106373        3.9484918369927278E-007
  -1.0400000214576721        8.9216369601714408E-007
  -1.0200000219047070        2.7931125825997837E-006
  -1.0000000223517418        5.8850050926677777E-006
 -0.98000002279877663        1.6430489900424196E-005
 -0.96000002324581146        3.5453566533365231E-005
 -0.94000002369284630        8.6132042290749524E-005
 -0.92000002413988113        1.8523616569672397E-004
 -0.90000002458691597        4.0561244614808697E-004
 -0.88000002503395081        8.4163726751204095E-004
 -0.86000002548098564        1.7047290684223438E-003
 -0.84000002592802048        3.3510357730642121E-003
 -0.82000002637505531        6.3552598015892726E-003
 -0.80000002682209015        1.1747662058365681E-002
 -0.78000002726912498        2.0946347591444463E-002
 -0.76000002771615982        3.6339547766966240E-002
 -0.74000002816319466        6.0953956968879147E-002
 -0.72000002861022949        9.9262349638485223E-002
 -0.70000002905726433       0.15655135208579596     
 -0.68000002950429916       0.23945308528925993     
 -0.66000002995133400       0.35487716359859495     
 -0.64000003039836884       0.51009611276645694     
 -0.62000003084540367       0.71008980075796180     
 -0.60000003129243851       0.95946604901412069     
 -0.58000003173947334        1.2543246474553311     
 -0.56000003218650818        1.5933397605448603     
 -0.54000003263354301        1.9562069639339144     
 -0.52000003308057785        2.3357820030025964     
 -0.50000003352761269        2.6940411765017842     
 -0.48000003397464752        3.0220136181189061     
 -0.46000003442168236        3.2772400077574062     
 -0.44000003486871719        3.4497011110554858     
 -0.42000003531575203        3.5216406288565367     
 -0.40000003576278687        3.4762866056136210     
 -0.38000003620982170        3.3381948691570531     
 -0.36000003665685654        3.0987253989784662     
 -0.34000003710389137        2.7875574642977141     
 -0.32000003755092621        2.4393457861575025     
 -0.30000003799796104        2.0620645041652215     
 -0.28000003844499588        1.6868192655530831     
 -0.26000003889203072        1.3463813133884437     
 -0.24000003933906555        1.0389409355675308     
 -0.22000003978610039       0.77193928104206744     
 -0.20000004023313522       0.55799644347812738     
 -0.18000004068017006       0.39464298220496230     
 -0.16000004112720490       0.27077958667875301     
 -0.14000004157423973       0.17696440037753364     
 -0.12000004202127457       0.11055957431084465     
 -0.10000004246830940        6.7328030592459828E-002
  -8.0000042915344238E-002   4.1929834846120631E-002
  -6.0000043362379074E-002   2.7381089400154379E-002
  -4.0000043809413910E-002   1.7447816014303827E-002
  -2.0000044256448746E-002   9.1566913966769359E-003
  -4.4703483581542969E-008   2.4682890592457722E-003
   1.9999954849481583E-002   1.7803354134914687E-005
   3.9999954402446747E-002   1.2010511846261930E-006
   5.9999953955411911E-002   1.5049478853716486E-006
   7.9999953508377075E-002   3.4071336431014323E-006
   9.9999953061342239E-002   4.8054478756007411E-006
  0.11999995261430740        6.7704124506787170E-006
  0.13999995216727257        8.4096893214884007E-006
  0.15999995172023773        9.7076299948613328E-006
  0.17999995127320290        1.0526587423397108E-005
  0.19999995082616806        1.0271901386031224E-005
  0.21999995037913322        9.2099512808840595E-006
  0.23999994993209839        7.6294815389322022E-006
  0.25999994948506355        5.7765809434390010E-006
  0.27999994903802872        4.1374390895497441E-006
  0.29999994859099388        3.0651101506289989E-006
  0.31999994814395905        2.3434823220595271E-006
  0.33999994769692421        1.9810232129428625E-006
  0.35999994724988937        1.7057605994834573E-006
  0.37999994680285454        1.4792563009092366E-006
  0.39999994635581970        1.1900868949252435E-006
  0.41999994590878487        9.6998900196871817E-007
  0.43999994546175003        8.0968016800132922E-007
  0.45999994501471519        6.8252589654496040E-007
  0.47999994456768036        5.8897704854479672E-007
  0.49999994412064552        4.9321699545174980E-007
  0.51999994367361069        3.8440387842029607E-007
  0.53999994322657585        2.8064238581967503E-007
  0.55999994277954102        1.9571841837181712E-007
  0.57999994233250618        1.3160086522578357E-007
  0.59999994188547134        8.5511535748764816E-008
  0.61999994143843651        5.3938049358525874E-008
  0.63999994099140167        3.3306622913377802E-008
  0.65999994054436684        2.0342108569387458E-008
  0.67999994009733200        1.2414688438535621E-008
  0.69999993965029716        7.6377258713961198E-009
  0.71999993920326233        4.7692735553946742E-009
  0.73999993875622749        3.0375013696044170E-009
  0.75999993830919266        1.9791160148126417E-009
  0.77999993786215782        1.3211242080057277E-009
  0.79999993741512299        9.0365801524333990E-010
  0.81999993696808815        6.3286220928667857E-010
  0.83999993652105331        4.5314838583346369E-010
  0.85999993607401848        3.3114989344238456E-010
  0.87999993562698364        2.4650627271700194E-010
  0.89999993517994881        1.8656185918426381E-010
  0.91999993473291397        1.4329460433936741E-010
  0.93999993428587914        1.1151694900949223E-010
  0.95999993383884430        8.7807073316863297E-011
  0.97999993339180946        6.9863888345461902E-011
  0.99999993294477463        5.6111087920670835E-011
   1.0199999324977398        4.5449782104627955E-011
   1.0399999320507050        3.7101196557557827E-011
   1.0599999316036701        3.0504880177551705E-011
   1.0799999311566353        2.5251701728407854E-011
   1.0999999307096004        2.1039016050437871E-011
   1.1199999302625656        1.7640190473625585E-011
   1.1399999298155308        1.4883581064004086E-011
   1.1599999293684959        1.2637822640781747E-011
   1.1799999289214611        1.0801398909901270E-011
   1.1999999284744263        9.2951544245670612E-012
   1.2199999280273914        8.0568552292129639E-012
   1.2399999275803566        7.0371939227054483E-012
   1.2599999271333218        6.1968251244385968E-012
   1.2799999266862869        5.5041441498070334E-012
   1.2999999262392521        4.9336073531073695E-012
   1.3199999257922173        4.4644511502670282E-012
   1.3399999253451824        4.0797072060792882E-012
   1.3599999248981476        3.7654395671131377E-012
   1.3799999244511127        3.5101494945870254E-012
   1.3999999240040779        3.3043080057323396E-012
   1.4199999235570431        3.1399863880647105E-012
   1.4399999231100082        3.0105623938594407E-012
   1.4599999226629734        2.9104852948088449E-012
   1.4799999222159386        2.8350869905508554E-012
   1.4999999217689037        2.7804293710822567E-012
   1.5199999213218689        2.7431803835441439E-012
   1.5399999208748341        2.7205129394454252E-012
   1.5599999204277992        2.7100220982687184E-012
   1.5799999199807644        2.7096569370152877E-012
   1.5999999195337296        2.7176642880418025E-012
   1.6199999190866947        2.7325420989478767E-012
   1.6399999186396599        2.7530006328841460E-012
   1.6599999181926250        2.7779300837610274E-012
   1.6799999177455902        2.8063734590213205E-012
   1.6999999172985554        2.8375038118248798E-012
   1.7199999168515205        2.8706050611694226E-012
   1.7399999164044857        2.9050558108993620E-012
   1.7599999159574509        2.9403156641182210E-012
   1.7799999155104160        2.9759136348599243E-012
   1.7999999150633812        3.0114383315649135E-012
   1.8199999146163464        3.0465296441373277E-012
   1.8399999141693115        3.0808717336419652E-012
   1.8599999137222767        3.1141871469730792E-012
   1.8799999132752419        3.1462319386562453E-012
   1.8999999128282070        3.1767917011583211E-012
   1.9199999123811722        3.2056784588017410E-012
   1.9399999119341373        3.2327284086483865E-012
   1.9599999114871025        3.2578005265859072E-012
   1.9799999110400677        3.2807761232982203E-012
   1.9999999105930328        3.3015594791826683E-012
   2.0199999101459980        3.3200797818846521E-012
   2.0399999096989632        3.3362946826497158E-012
   2.0599999092519283        3.3501959415122594E-012
   2.0799999088048935        3.3618178363235766E-012
   2.0999999083578587        3.3712492862512313E-012
   2.1199999079108238        3.3786510572525683E-012
   2.1399999074637890        3.3842799979446753E-012
   2.1599999070167542        3.3885231103680328E-012
   2.1799999065697193        3.3919455069469028E-012
   2.1999999061226845        3.3953581639099984E-012
   2.2199999056756496        3.3999141822199177E-012
   2.2399999052286148        3.4072466105681299E-012
   2.2599999047815800        3.4196677280384367E-012
   2.2799999043345451        3.4404610772255507E-012
   2.2999999038875103        3.4743172471648612E-012
   2.3199999034404755        3.5280004600527387E-012
   2.3399999029934406        3.6114021198660225E-012
   2.3599999025464058        3.7392741134816700E-012
   2.3799999020993710        3.9342076572132019E-012
   2.3999999016523361        4.2319590900017560E-012
   2.4199999012053013        4.6912216853723510E-012
   2.4399999007582664        5.4116181681046653E-012
   2.4599999003112316        6.5659601360587801E-012
   2.4799998998641968        8.4543266624875471E-012
   2.4999998994171619        1.1583349708903310E-011
   2.5199998989701271        1.6752133009789732E-011
   2.5399998985230923        2.5065119094378853E-011
   2.5599998980760574        3.7673997831857787E-011
   2.5799998976290226        5.4919290839150368E-011
   2.5999998971819878        7.4637427301679162E-011
   2.6199998967349529        9.0248142969226483E-011
   2.6399998962879181        9.1127167308668584E-011
   2.6599998958408833        6.9002029479426111E-011
   2.6799998953938484        3.0335330156585375E-011
   2.6999998949468136        4.3977010295537794E-012
   2.7199998944997787        2.7272397987903512E-011
   2.7399998940527439        9.1679824200019202E-011
   2.7599998936057091        1.1849327863243509E-010
   2.7799998931586742        5.4311303088259616E-011
   2.7999998927116394        6.5079704198844843E-013
   2.8199998922646046        9.7547278336554363E-011
   2.8399998918175697        1.9951289237733276E-010
   2.8599998913705349        8.2162186708649184E-011
   2.8799998909235001        4.8558621042897900E-011
   2.8999998904764652        3.3272538629368868E-010
   2.9199998900294304        2.8121206864645874E-010
   2.9399998895823956        1.3469735573007777E-010
   2.9599998891353607        7.1674871011931033E-010
   2.9799998886883259        6.3626631292675921E-010
   2.9999998882412910        6.4395305557294086E-010
   3.0199998877942562        1.9284275110658491E-009
   3.0399998873472214        1.3691928677657451E-009
   3.0599998869001865        3.0429580527915143E-009
   3.0799998864531517        4.0913197840118340E-009
   3.0999998860061169        3.5587848917266114E-009
   3.1199998855590820        9.6470975365099886E-009
