  -2.0000000000000000        2.0445714876965455E-009
  -1.9800000004470348        6.8639869754313164E-011
  -1.9600000008940697        1.4219896070388771E-009
  -1.9400000013411045        1.3174545735935974E-009
  -1.9200000017881393        2.8763326255520770E-009
  -1.9000000022351742        2.7765075841581078E-009
  -1.8800000026822090        3.5068777157927716E-009
  -1.8600000031292439        3.8143710256044513E-009
  -1.8400000035762787        3.8761170489409759E-009
  -1.8200000040233135        4.4131053148840224E-009
  -1.8000000044703484        4.2660119964879132E-009
  -1.7800000049173832        4.5311215163193934E-009
  -1.7600000053644180        4.8292265251968620E-009
  -1.7400000058114529        4.5855260116859221E-009
  -1.7200000062584877        4.7728754729329232E-009
  -1.7000000067055225        5.1212966575759167E-009
  -1.6800000071525574        4.9209822280556445E-009
  -1.6600000075995922        4.7714189239952884E-009
  -1.6400000080466270        5.1005941349078492E-009
  -1.6200000084936619        5.3209291289024341E-009
  -1.6000000089406967        5.0932065218522855E-009
  -1.5800000093877316        4.8675506313899235E-009
  -1.5600000098347664        5.0313559386613761E-009
  -1.5400000102818012        5.3711221245697786E-009
  -1.5200000107288361        5.4759016053205024E-009
  -1.5000000111758709        5.2571114630533389E-009
  -1.4800000116229057        4.9636865216817496E-009
  -1.4600000120699406        4.8710686563425875E-009
  -1.4400000125169754        5.0576812899576856E-009
  -1.4200000129640102        5.4078105138041459E-009
  -1.4000000134110451        5.7443257020031705E-009
  -1.3800000138580799        5.9373646533253861E-009
  -1.3600000143051147        5.9398101724577647E-009
  -1.3400000147521496        5.7991902278537104E-009
  -1.3200000151991844        5.5117452671674486E-009
  -1.3000000156462193        5.2871361356604403E-009
  -1.2800000160932541        4.8461034123979392E-009
  -1.2600000165402889        4.8439997414818290E-009
  -1.2400000169873238        4.1895238503578948E-009
  -1.2200000174343586        4.6391678117247375E-009
  -1.2000000178813934        3.8513665658267000E-009
  -1.1800000183284283        4.3043139417993066E-009
  -1.1600000187754631        5.8936268065311392E-009
  -1.1400000192224979        3.0471962026219719E-009
  -1.1200000196695328        2.1729770565063960E-008
  -1.1000000201165676        1.1336821587763537E-008
  -1.0800000205636024        1.1353258517933878E-007
  -1.0600000210106373        1.6072026310617060E-007
  -1.0400000214576721        6.5421277169667293E-007
  -1.0200000219047070        1.4246585638943139E-006
  -1.0000000223517418        3.9057148082903926E-006
 -0.98000002279877663        9.5545092639533991E-006
 -0.96000002324581146        2.2433192456038462E-005
 -0.94000002369284630        5.3705810221744197E-005
 -0.92000002413988113        1.1742668863800708E-004
 -0.90000002458691597        2.6299261840316606E-004
 -0.88000002503395081        5.4682065842929638E-004
 -0.86000002548098564        1.1368700194736340E-003
 -0.84000002592802048        2.2483384166522655E-003
 -0.82000002637505531        4.3528959708686961E-003
 -0.80000002682209015        8.1524640789093147E-003
 -0.78000002726912498        1.4762567413791798E-002
 -0.76000002771615982        2.6083373492594649E-002
 -0.74000002816319466        4.4314393074697755E-002
 -0.72000002861022949        7.3690634096843038E-002
 -0.70000002905726433       0.11766270829360760     
 -0.68000002950429916       0.18393722546025065     
 -0.66000002995133400       0.27622719576910454     
 -0.64000003039836884       0.40574728721589187     
 -0.62000003084540367       0.57327491393747976     
 -0.60000003129243851       0.79101069041450112     
 -0.58000003173947334        1.0518766353726308     
 -0.56000003218650818        1.3626302940514947     
 -0.54000003263354301        1.7066703744952088     
 -0.52000003308057785        2.0740470350620783     
 -0.50000003352761269        2.4479274173212482     
 -0.48000003397464752        2.7915990243009663     
 -0.46000003442168236        3.0997634687014002     
 -0.44000003486871719        3.3273781466095884     
 -0.42000003531575203        3.4637044967038806     
 -0.40000003576278687        3.5060593467978181     
 -0.38000003620982170        3.4288152437591899     
 -0.36000003665685654        3.2542194704185308     
 -0.34000003710389137        3.0035452339970727     
 -0.32000003755092621        2.6798323672484359     
 -0.30000003799796104        2.3141957561097160     
 -0.28000003844499588        1.9468470022271955     
 -0.26000003889203072        1.5889708170919181     
 -0.24000003933906555        1.2504911164083352     
 -0.22000003978610039       0.95291376588329701     
 -0.20000004023313522       0.70848639931076429     
 -0.18000004068017006       0.51407588423489425     
 -0.16000004112720490       0.35997525786507106     
 -0.14000004157423973       0.24097073472669397     
 -0.12000004202127457       0.15427179121061507     
 -0.10000004246830940        9.6545918042903162E-002
  -8.0000042915344238E-002   6.1959329601963542E-002
  -6.0000043362379074E-002   4.1873910663589746E-002
  -4.0000043809413910E-002   2.7704696471727956E-002
  -2.0000044256448746E-002   1.4911508804375946E-002
  -4.4703483581542969E-008   4.0755279168935721E-003
   1.9999954849481583E-002   4.0114433612746243E-005
   3.9999954402446747E-002   2.5785572110332266E-007
   5.9999953955411911E-002   1.7475691714610598E-006
   7.9999953508377075E-002   1.9308034573695376E-006
   9.9999953061342239E-002   3.8381797904275438E-006
  0.11999995261430740        4.6017888118649798E-006
  0.13999995216727257        6.4920243094002763E-006
  0.15999995172023773        7.4604566138750367E-006
  0.17999995127320290        8.3396191515109153E-006
  0.19999995082616806        9.2521638513183645E-006
  0.21999995037913322        8.6402903608510079E-006
  0.23999994993209839        8.4306822658647799E-006
  0.25999994948506355        7.1972448477628837E-006
  0.27999994903802872        5.6477290029695979E-006
  0.29999994859099388        4.7228411295276714E-006
  0.31999994814395905        3.5788145384282001E-006
  0.33999994769692421        2.6223690831288657E-006
  0.35999994724988937        2.2687676655655687E-006
  0.37999994680285454        2.1097719746870846E-006
  0.39999994635581970        1.6787466545575206E-006
  0.41999994590878487        1.3501052231765560E-006
  0.43999994546175003        1.2200456147235248E-006
  0.45999994501471519        1.1647728506211498E-006
  0.47999994456768036        9.8928878016294877E-007
  0.49999994412064552        7.4243825535361460E-007
  0.51999994367361069        5.8467091018061561E-007
  0.53999994322657585        5.1697730490208683E-007
  0.55999994277954102        4.9449907819596544E-007
  0.57999994233250618        4.7212957438002580E-007
  0.59999994188547134        4.1463126982037063E-007
  0.61999994143843651        3.2528611982409770E-007
  0.63999994099140167        2.3072488677578983E-007
  0.65999994054436684        1.5153002981285001E-007
  0.67999994009733200        9.3986782614226282E-008
  0.69999993965029716        5.5767842764578819E-008
  0.71999993920326233        3.1967891524225422E-008
  0.73999993875622749        1.7920711260623964E-008
  0.75999993830919266        1.0018657069113203E-008
  0.77999993786215782        5.7624688008834788E-009
  0.79999993741512299        3.5581752481864826E-009
  0.81999993696808815        2.4574552501881493E-009
  0.83999993652105331        1.9280292290105986E-009
  0.85999993607401848        1.6849699763403620E-009
  0.87999993562698364        1.5814112403526213E-009
  0.89999993517994881        1.5438865227739226E-009
  0.91999993473291397        1.5365328770608253E-009
  0.93999993428587914        1.5422179955029979E-009
  0.95999993383884430        1.5529393988503565E-009
  0.97999993339180946        1.5650667639490668E-009
  0.99999993294477463        1.5770296101475545E-009
   1.0199999324977398        1.5882101281047152E-009
   1.0399999320507050        1.5984197138241485E-009
   1.0599999316036701        1.6076546384873089E-009
   1.0799999311566353        1.6159838659530401E-009
   1.0999999307096004        1.6234988491203785E-009
   1.1199999302625656        1.6302920767795345E-009
   1.1399999298155308        1.6364487442723960E-009
   1.1599999293684959        1.6420442541634775E-009
   1.1799999289214611        1.6471441783152028E-009
   1.1999999284744263        1.6518051522279975E-009
   1.2199999280273914        1.6560760284103179E-009
   1.2399999275803566        1.6599990097525346E-009
   1.2599999271333218        1.6636106611062147E-009
   1.2799999266862869        1.6669427746985120E-009
   1.2999999262392521        1.6700230963115720E-009
   1.3199999257922173        1.6728759298120128E-009
   1.3399999253451824        1.6755226394040122E-009
   1.3599999248981476        1.6779820674594597E-009
   1.3799999244511127        1.6802708832942350E-009
   1.3999999240040779        1.6824038753721900E-009
   1.4199999235570431        1.6843941971973399E-009
   1.4399999231100082        1.6862535750771960E-009
   1.4599999226629734        1.6879924843824779E-009
   1.4799999222159386        1.6896202995792863E-009
   1.4999999217689037        1.6911454223381641E-009
   1.5199999213218689        1.6925753911859825E-009
   1.5399999208748341        1.6939169754738324E-009
   1.5599999204277992        1.6951762560133884E-009
   1.5799999199807644        1.6963586941963694E-009
   1.5999999195337296        1.6974691911161932E-009
   1.6199999190866947        1.6985121378793531E-009
   1.6399999186396599        1.6994914581799561E-009
   1.6599999181926250        1.7004106437946926E-009
   1.6799999177455902        1.7012727835798704E-009
   1.6999999172985554        1.7020805863654519E-009
   1.7199999168515205        1.7028363979993363E-009
   1.7399999164044857        1.7035422126225207E-009
   1.7599999159574509        1.7041996777462196E-009
   1.7799999155104160        1.7048100931410052E-009
   1.7999999150633812        1.7053744027175717E-009
   1.8199999146163464        1.7058931785250091E-009
   1.8399999141693115        1.7063665956402270E-009
   1.8599999137222767        1.7067943960538294E-009
   1.8799999132752419        1.7071758394221508E-009
   1.8999999128282070        1.7075096373099161E-009
   1.9199999123811722        1.7077938668534618E-009
   1.9399999119341373        1.7080258580224307E-009
   1.9599999114871025        1.7082020469717567E-009
   1.9799999110400677        1.7083177853059997E-009
   1.9999999105930328        1.7083670912267769E-009
   2.0199999101459980        1.7083423238538222E-009
   2.0399999096989632        1.7082337546465528E-009
   2.0599999092519283        1.7080290003935006E-009
   2.0799999088048935        1.7077122676358720E-009
   2.0999999083578587        1.7072633379262166E-009
   2.1199999079108238        1.7066561925985260E-009
   2.1399999074637890        1.7058571276656669E-009
   2.1599999070167542        1.7048221332681528E-009
   2.1799999065697193        1.7034931844111679E-009
   2.1999999061226845        1.7017928693264931E-009
   2.2199999056756496        1.6996163912087415E-009
   2.2399999052286148        1.6968192816734923E-009
   2.2599999047815800        1.6931979410778581E-009
   2.2799999043345451        1.6884580741022677E-009
   2.2999999038875103        1.6821629880554572E-009
   2.3199999034404755        1.6736499314163503E-009
   2.3399999029934406        1.6619005408033282E-009
   2.3599999025464058        1.6453584012427838E-009
   2.3799999020993710        1.6217198179197010E-009
   2.3999999016523361        1.5878138051648470E-009
   2.4199999012053013        1.5398700806078722E-009
   2.4399999007582664        1.4747451341484821E-009
   2.4599999003112316        1.3928732505853384E-009
   2.4799998998641968        1.3033301621687730E-009
   2.4999998994171619        1.2295590710498779E-009
   2.5199998989701271        1.2103968857238206E-009
   2.5399998985230923        1.2867462902747428E-009
   2.5599998980760574        1.4664908776114301E-009
   2.5799998976290226        1.6803353458469995E-009
   2.5999998971819878        1.7796811949958935E-009
   2.6199998967349529        1.6419088500693357E-009
   2.6399998962879181        1.3540069468061380E-009
   2.6599998958408833        1.2507321498162213E-009
   2.6799998953938484        1.5671328315647539E-009
   2.6999998949468136        1.9601579555578606E-009
   2.7199998944997787        1.7758332054506422E-009
   2.7399998940527439        1.2082950850946191E-009
   2.7599998936057091        1.3714113719577322E-009
   2.7799998931586742        2.1679711890652677E-009
   2.7999998927116394        1.8649270279479153E-009
   2.8199998922646046        9.6103441034967896E-010
   2.8399998918175697        1.8923577931659061E-009
   2.8599998913705349        2.5698635621832069E-009
   2.8799998909235001        8.8056303847657558E-010
   2.8999998904764652        1.8230279575501930E-009
   2.9199998900294304        3.2886350544033880E-009
   2.9399998895823956        4.9808920949210498E-010
   2.9599998891353607        2.9600912212947551E-009
   2.9799998886883259        3.7721417979653685E-009
   2.9999998882412910        1.9441722085326191E-010
   3.0199998877942562        6.8639649168692988E-009
   3.0399998873472214        1.9062864165882516E-009
   3.0599998869001865        5.1498899495709822E-009
   3.0799998864531517        9.2087448862876331E-009
   3.0999998860061169        2.0330480675855744E-009
   3.1199998855590820        1.4152168659024258E-008
