  -2.0000000000000000        2.7772318589760963E-009
  -1.9800000004470348        1.5947936571575926E-009
  -1.9600000008940697        2.8826314918230124E-009
  -1.9400000013411045        6.6528515098013076E-009
  -1.9200000017881393        5.8954281008584439E-009
  -1.9000000022351742        8.1008540956229778E-009
  -1.8800000026822090        8.3346055292276178E-009
  -1.8600000031292439        8.7974492417684952E-009
  -1.8400000035762787        9.7165916382805166E-009
  -1.8200000040233135        9.5376022423021734E-009
  -1.8000000044703484        1.0360332004496575E-008
  -1.7800000049173832        1.0391508710490659E-008
  -1.7600000053644180        1.0520656318335767E-008
  -1.7400000058114529        1.1165434513993961E-008
  -1.7200000062584877        1.0960228884483166E-008
  -1.7000000067055225        1.1098581050669014E-008
  -1.6800000071525574        1.1729255269415843E-008
  -1.6600000075995922        1.1593114503035047E-008
  -1.6400000080466270        1.1414067248528579E-008
  -1.6200000084936619        1.1979649640694779E-008
  -1.6000000089406967        1.2337856526823055E-008
  -1.5800000093877316        1.2025255187423900E-008
  -1.5600000098347664        1.1928987704297197E-008
  -1.5400000102818012        1.2466442005562643E-008
  -1.5200000107288361        1.2946219810853062E-008
  -1.5000000111758709        1.2839988074299765E-008
  -1.4800000116229057        1.2522658039236001E-008
  -1.4600000120699406        1.2613440475466488E-008
  -1.4400000125169754        1.3183497480584543E-008
  -1.4200000129640102        1.3789594941320090E-008
  -1.4000000134110451        1.4024050778198836E-008
  -1.3800000138580799        1.3855018278613315E-008
  -1.3600000143051147        1.3593177196624001E-008
  -1.3400000147521496        1.3526170998808562E-008
  -1.3200000151991844        1.3917825087560969E-008
  -1.3000000156462193        1.4547352198834745E-008
  -1.2800000160932541        1.5634632911613408E-008
  -1.2600000165402889        1.6375036460948971E-008
  -1.2400000169873238        1.7624682842408053E-008
  -1.2200000174343586        1.8186990588822940E-008
  -1.2000000178813934        1.8598808197369686E-008
  -1.1800000183284283        2.1357552143861533E-008
  -1.1600000187754631        1.6135389655291300E-008
  -1.1400000192224979        3.2639895437240528E-008
  -1.1200000196695328        6.1812818726803707E-009
  -1.1000000201165676        7.4614007997729275E-008
  -1.0800000205636024        7.2791793370158695E-009
  -1.0600000210106373        2.4035785418260534E-007
  -1.0400000214576721        2.5496150429378089E-007
  -1.0200000219047070        1.0572229862798459E-006
  -1.0000000223517418        2.3399776902423186E-006
 -0.98000002279877663        5.7318501513096857E-006
 -0.96000002324581146        1.4974362322360998E-005
 -0.94000002369284630        3.1857814590526295E-005
 -0.92000002413988113        7.9846184225149195E-005
 -0.90000002458691597        1.6274339361673038E-004
 -0.88000002503395081        3.7314069622536392E-004
 -0.86000002548098564        7.3737101178581626E-004
 -0.84000002592802048        1.5486350781582995E-003
 -0.82000002637505531        2.9423451221064025E-003
 -0.80000002682209015        5.7167333315075253E-003
 -0.78000002726912498        1.0345675369371907E-002
 -0.76000002771615982        1.8743710297933164E-002
 -0.74000002816319466        3.2110677805085704E-002
 -0.72000002861022949        5.4494516788892750E-002
 -0.70000002905726433        8.8112385685369027E-002
 -0.68000002950429916       0.14030139133945524     
 -0.66000002995133400       0.21400088507875781     
 -0.64000003039836884       0.31959904053789256     
 -0.62000003084540367       0.46025931210291815     
 -0.60000003129243851       0.64416144069156878     
 -0.58000003173947334       0.87597842108573976     
 -0.56000003218650818        1.1503407251279336     
 -0.54000003263354301        1.4727867451355106     
 -0.52000003308057785        1.8225419214355940     
 -0.50000003352761269        2.1878042495057852     
 -0.48000003397464752        2.5556544983254148     
 -0.46000003442168236        2.8832611471746321     
 -0.44000003486871719        3.1612221011674406     
 -0.42000003531575203        3.3685181486499043     
 -0.40000003576278687        3.4688316093620903     
 -0.38000003620982170        3.4683132130714553     
 -0.36000003665685654        3.3726067085009084     
 -0.34000003710389137        3.1750169864817299     
 -0.32000003755092621        2.8910638987566077     
 -0.30000003799796104        2.5617834374971946     
 -0.28000003844499588        2.2070277425536808     
 -0.26000003889203072        1.8385356724357316     
 -0.24000003933906555        1.4800938937249901     
 -0.22000003978610039        1.1572469183191822     
 -0.20000004023313522       0.88378543326071302     
 -0.18000004068017006       0.65637734110838852     
 -0.16000004112720490       0.47073912753628788     
 -0.14000004157423973       0.32263921607541485     
 -0.12000004202127457       0.21156762703746293     
 -0.10000004246830940       0.13575803774084658     
  -8.0000042915344238E-002   8.9682871918231918E-002
  -6.0000043362379074E-002   6.3112436460958238E-002
  -4.0000043809413910E-002   4.3284116995579262E-002
  -2.0000044256448746E-002   2.3967376377441729E-002
  -4.4703483581542969E-008   6.6525604462348287E-003
   1.9999954849481583E-002   5.6948734088318037E-005
   3.9999954402446747E-002   7.9521091339709774E-007
   5.9999953955411911E-002   8.1503795684032177E-007
   7.9999953508377075E-002   1.8643713190966523E-006
   9.9999953061342239E-002   2.4239682954984758E-006
  0.11999995261430740        3.8001526633938390E-006
  0.13999995216727257        4.5501378547908723E-006
  0.15999995172023773        6.0702382645644820E-006
  0.17999995127320290        6.5955205761579919E-006
  0.19999995082616806        7.6108184952735848E-006
  0.21999995037913322        7.8109638395407654E-006
  0.23999994993209839        7.7577169711609728E-006
  0.25999994948506355        7.6075938808150952E-006
  0.27999994903802872        6.4601052174135519E-006
  0.29999994859099388        5.7083071080958723E-006
  0.31999994814395905        4.8288500064987768E-006
  0.33999994769692421        3.6568421316803016E-006
  0.35999994724988937        3.0823159846116972E-006
  0.37999994680285454        2.6538095928457882E-006
  0.39999994635581970        2.1289956602451968E-006
  0.41999994590878487        1.8138560899069027E-006
  0.43999994546175003        1.6968322139909234E-006
  0.45999994501471519        1.5243244749363174E-006
  0.47999994456768036        1.2271513543815602E-006
  0.49999994412064552        1.0285336801331315E-006
  0.51999994367361069        9.6837185358185804E-007
  0.53999994322657585        8.9922057018704804E-007
  0.55999994277954102        7.8318445525199825E-007
  0.57999994233250618        6.1719126351560882E-007
  0.59999994188547134        4.9557410017577377E-007
  0.61999994143843651        4.4971218843808323E-007
  0.63999994099140167        4.2813397071286013E-007
  0.65999994054436684        4.0016360824618358E-007
  0.67999994009733200        3.5821047753928339E-007
  0.69999993965029716        2.9931033546525672E-007
  0.71999993920326233        2.3038296002841895E-007
  0.73999993875622749        1.6489734754325875E-007
  0.75999993830919266        1.1231762832663328E-007
  0.77999993786215782        7.4617340303689636E-008
  0.79999993741512299        4.9276128252976380E-008
  0.81999993696808815        3.2753316989572899E-008
  0.83999993652105331        2.2100132355338261E-008
  0.85999993607401848        1.5242873223937679E-008
  0.87999993562698364        1.0810471232555955E-008
  0.89999993517994881        7.9175500516441785E-009
  0.91999993473291397        6.0004373247301795E-009
  0.93999993428587914        4.7045136534559327E-009
  0.95999993383884430        3.8083733597927613E-009
  0.97999993339180946        3.1738489309851495E-009
  0.99999993294477463        2.7140630299863359E-009
   1.0199999324977398        2.3735929254942933E-009
   1.0399999320507050        2.1164016972641787E-009
   1.0599999316036701        1.9185560273726059E-009
   1.0799999311566353        1.7638187670210535E-009
   1.0999999307096004        1.6409490945699666E-009
   1.1199999302625656        1.5420188406410367E-009
   1.1399999298155308        1.4613405835328838E-009
   1.1599999293684959        1.3947706856262388E-009
   1.1799999289214611        1.3392469575850623E-009
   1.1999999284744263        1.2924763040301111E-009
   1.2199999280273914        1.2527201958247153E-009
   1.2399999275803566        1.2186451317478648E-009
   1.2599999271333218        1.1892169883237902E-009
   1.2799999266862869        1.1636254453354312E-009
   1.2999999262392521        1.1412292956813558E-009
   1.3199999257922173        1.1215164337075938E-009
   1.3399999253451824        1.1040742770322502E-009
   1.3599999248981476        1.0885676833159711E-009
   1.3799999244511127        1.0747223058655637E-009
   1.3999999240040779        1.0623119340712572E-009
   1.4199999235570431        1.0511487806251006E-009
   1.4399999231100082        1.0410759675120876E-009
   1.4599999226629734        1.0319616667441822E-009
   1.4799999222159386        1.0236944969197699E-009
   1.4999999217689037        1.0161798804259579E-009
   1.5199999213218689        1.0093371413689796E-009
   1.5399999208748341        1.0030971788042985E-009
   1.5599999204277992        9.9740059027657883E-010
   1.5799999199807644        9.9219615015570161E-010
   1.5999999195337296        9.8743956954971927E-010
   1.6199999190866947        9.8309248133765657E-010
   1.6399999186396599        9.7912160635324933E-010
   1.6599999181926250        9.7549806642983913E-010
   1.6799999177455902        9.7219681728668206E-010
   1.6999999172985554        9.6919618019060481E-010
   1.7199999168515205        9.6647745555079092E-010
   1.7399999164044857        9.6402460517855881E-010
   1.7599999159574509        9.6182399268381550E-010
   1.7799999155104160        9.5986417366923588E-010
   1.7999999150633812        9.5813572919482132E-010
   1.8199999146163464        9.5663113710367314E-010
   1.8399999141693115        9.5534467710721611E-010
   1.8599999137222767        9.5427236612219369E-010
   1.8799999132752419        9.5341192080515775E-010
   1.8999999128282070        9.5276274442244477E-010
   1.9199999123811722        9.5232593445991863E-010
   1.9399999119341373        9.5210430662561163E-010
   1.9599999114871025        9.5210242845377374E-010
   1.9799999110400677        9.5232665206662859E-010
   1.9999999105930328        9.5278512901504771E-010
   2.0199999101459980        9.5348777881663833E-010
   2.0399999096989632        9.5444616320781655E-010
   2.0599999092519283        9.5567318226015663E-010
   2.0799999088048935        9.5718244195075670E-010
   2.0999999083578587        9.5898701552943928E-010
   2.1199999079108238        9.6109707447296603E-010
   2.1399999074637890        9.6351538779383211E-010
   2.1599999070167542        9.6622878267179403E-010
   2.1799999065697193        9.6919200304479254E-010
   2.1999999061226845        9.7229755690190041E-010
   2.2199999056756496        9.7532072803065320E-010
   2.2399999052286148        9.7782325282801289E-010
   2.2599999047815800        9.7899479501203931E-010
   2.2799999043345451        9.7741617057350833E-010
   2.2999999038875103        9.7075973796105081E-010
   2.3199999034404755        9.5552964952912495E-010
   2.3399999029934406        9.2711835155296490E-010
   2.3599999025464058        8.8070513195082821E-010
   2.3799999020993710        8.1370035196186272E-010
   2.3999999016523361        7.3013549317678993E-010
   2.4199999012053013        6.4594407798003138E-010
   2.4399999007582664        5.9106550938990318E-010
   2.4599999003112316        6.0109975364027562E-010
   2.4799998998641968        6.9289800451228507E-010
   2.4999998994171619        8.3219294377471068E-010
   2.5199998989701271        9.2541971104261727E-010
   2.5399998985230923        8.7604385674338262E-010
   2.5599998980760574        6.9712762946503215E-010
   2.5799998976290226        5.6862675045477855E-010
   2.5999998971819878        6.8523628602600588E-010
   2.6199998967349529        9.5558888271938912E-010
   2.6399998962879181        9.9482142577397152E-010
   2.6599998958408833        6.7655786287630186E-010
   2.6799998953938484        5.2081331425395067E-010
   2.6999998949468136        9.1435075278321707E-010
   2.7199998944997787        1.1538714794745952E-009
   2.7399998940527439        6.4810934398614491E-010
   2.7599998936057091        4.9296534965260490E-010
   2.7799998931586742        1.2471119755356415E-009
   2.7999998927116394        1.0833380107560459E-009
   2.8199998922646046        2.8636266407600127E-010
   2.8399998918175697        1.2567443169172254E-009
   2.8599998913705349        1.4828766726501368E-009
   2.8799998909235001        1.3819186229309146E-010
   2.8999998904764652        1.7338438179570795E-009
   2.9199998900294304        1.7360642321116239E-009
   2.9399998895823956        1.0799137466045963E-010
   2.9599998891353607        3.3274212958829985E-009
   2.9799998886883259        1.2744078342692444E-009
   2.9999998882412910        1.9131771940967852E-009
   3.0199998877942562        5.4095154684521474E-009
   3.0399998873472214        6.9095161019919007E-010
   3.0599998869001865        8.1616860327831890E-009
   3.0799998864531517        4.0445286668193251E-009
   3.0999998860061169        6.0522852714435938E-009
   3.1199998855590820        1.1253867440621887E-008
