  -2.0000000000000000        4.3587012492309630E-009
  -1.9800000004470348        1.5062045127195577E-009
  -1.9600000008940697        6.8258641019701084E-009
  -1.9400000013411045        6.6566633162730802E-009
  -1.9200000017881393        8.3666879283817674E-009
  -1.9000000022351742        1.0249974197629379E-008
  -1.8800000026822090        9.7382980640168327E-009
  -1.8600000031292439        1.1723531393332766E-008
  -1.8400000035762787        1.1318456018888159E-008
  -1.8200000040233135        1.2325255273307353E-008
  -1.8000000044703484        1.2612001494740021E-008
  -1.7800000049173832        1.2737254246660130E-008
  -1.7600000053644180        1.3497708330122944E-008
  -1.7400000058114529        1.3287985648965926E-008
  -1.7200000062584877        1.3769728640422935E-008
  -1.7000000067055225        1.4178971931832390E-008
  -1.6800000071525574        1.3882329320202613E-008
  -1.6600000075995922        1.4370305821750599E-008
  -1.6400000080466270        1.4783647449119247E-008
  -1.6200000084936619        1.4415395533408436E-008
  -1.6000000089406967        1.4598878784496020E-008
  -1.5800000093877316        1.5232540723204278E-008
  -1.5600000098347664        1.5131023553825338E-008
  -1.5400000102818012        1.4768964508821686E-008
  -1.5200000107288361        1.5116168241150487E-008
  -1.5000000111758709        1.5675567279927513E-008
  -1.4800000116229057        1.5585117143939533E-008
  -1.4600000120699406        1.5150942890505920E-008
  -1.4400000125169754        1.5185198310721388E-008
  -1.4200000129640102        1.5720450921911582E-008
  -1.4000000134110451        1.6086702661103787E-008
  -1.3800000138580799        1.5891138571799085E-008
  -1.3600000143051147        1.5412636865004594E-008
  -1.3400000147521496        1.5200315738330835E-008
  -1.3200000151991844        1.5460539778708256E-008
  -1.3000000156462193        1.5952047167979334E-008
  -1.2800000160932541        1.6353280568926879E-008
  -1.2600000165402889        1.6116023607948390E-008
  -1.2400000169873238        1.6055476510781606E-008
  -1.2200000174343586        1.4489706171586099E-008
  -1.2000000178813934        1.5711380261797300E-008
  -1.1800000183284283        1.1907092958997297E-008
  -1.1600000187754631        1.8310128622139795E-008
  -1.1400000192224979        7.9927142783201544E-009
  -1.1200000196695328        2.8729163595888503E-008
  -1.1000000201165676        5.5663645290804613E-009
  -1.0800000205636024        6.7089905774754699E-008
  -1.0600000210106373        5.4450821293599104E-008
  -1.0400000214576721        2.6938898855939627E-007
  -1.0200000219047070        5.1569073605528261E-007
  -1.0000000223517418        1.5600428893278171E-006
 -0.98000002279877663        3.5480973775321045E-006
 -0.96000002324581146        9.3857118071816605E-006
 -0.94000002369284630        2.0700264334383549E-005
 -0.92000002413988113        5.1310241003108151E-005
 -0.90000002458691597        1.0684768917825041E-004
 -0.88000002503395081        2.4832741677314443E-004
 -0.86000002548098564        4.9052212301683735E-004
 -0.84000002592802048        1.0627567985720277E-003
 -0.82000002637505531        1.9995758617048450E-003
 -0.80000002682209015        4.0274357688295783E-003
 -0.78000002726912498        7.2305406175232328E-003
 -0.76000002771615982        1.3519691334349987E-002
 -0.74000002816319466        2.3191585480958805E-002
 -0.72000002861022949        4.0206249250026034E-002
 -0.70000002905726433        6.5940526660657542E-002
 -0.68000002950429916       0.10607786891669332     
 -0.66000002995133400       0.16579885416384624     
 -0.64000003039836884       0.24907049428574915     
 -0.62000003084540367       0.36759579152989830     
 -0.60000003129243851       0.52114487904009787     
 -0.58000003173947334       0.71987573605016386     
 -0.56000003218650818       0.96680102376784727     
 -0.54000003263354301        1.2536691485388303     
 -0.52000003308057785        1.5823797504152166     
 -0.50000003352761269        1.9405676809164747     
 -0.48000003397464752        2.2995774496731531     
 -0.46000003442168236        2.6502717144884627     
 -0.44000003486871719        2.9703010013678139     
 -0.42000003531575203        3.2172204061728800     
 -0.40000003576278687        3.3837667072699058     
 -0.38000003620982170        3.4624675959298563     
 -0.36000003665685654        3.4354351320895975     
 -0.34000003710389137        3.2968698471012496     
 -0.32000003755092621        3.0734318740306330     
 -0.30000003799796104        2.7898957631435182     
 -0.28000003844499588        2.4552372232122019     
 -0.26000003889203072        2.0899783041334050     
 -0.24000003933906555        1.7218630413251315     
 -0.22000003978610039        1.3815928485772877     
 -0.20000004023313522        1.0811728473615545     
 -0.18000004068017006       0.82297335791254023     
 -0.16000004112720490       0.60476468952515405     
 -0.14000004157423973       0.42440895499417136     
 -0.12000004202127457       0.28482155511858004     
 -0.10000004246830940       0.18675889119769051     
  -8.0000042915344238E-002  0.12747110443802476     
  -6.0000043362379074E-002   9.3372602268754754E-002
  -4.0000043809413910E-002   6.6624772003698776E-002
  -2.0000044256448746E-002   3.7874658491128851E-002
  -4.4703483581542969E-008   1.0652476833526407E-002
   1.9999954849481583E-002   9.4600532230252203E-005
   3.9999954402446747E-002   5.3749453930331893E-007
   5.9999953955411911E-002   9.5329077517846056E-007
   7.9999953508377075E-002   1.1992940301474179E-006
   9.9999953061342239E-002   2.1747889135046002E-006
  0.11999995261430740        2.5776106442533994E-006
  0.13999995216727257        3.8529416228686767E-006
  0.15999995172023773        4.3704784516632715E-006
  0.17999995127320290        5.5783333277842601E-006
  0.19999995082616806        6.1424214393739390E-006
  0.21999995037913322        6.6353537322261691E-006
  0.23999994993209839        7.1018395527104673E-006
  0.25999994948506355        6.8065882018196247E-006
  0.27999994903802872        6.8142067974937202E-006
  0.29999994859099388        6.1437761889327196E-006
  0.31999994814395905        5.2869928913682866E-006
  0.33999994769692421        4.7917231172465867E-006
  0.35999994724988937        3.9005423386431464E-006
  0.37999994680285454        3.1716566320296655E-006
  0.39999994635581970        2.8452648820804766E-006
  0.41999994590878487        2.3737561293557907E-006
  0.43999994546175003        1.9833163361406893E-006
  0.45999994501471519        1.8049696036853179E-006
  0.47999994456768036        1.6738043259075175E-006
  0.49999994412064552        1.4059056360236348E-006
  0.51999994367361069        1.1997005108274968E-006
  0.53999994322657585        1.1099768706325076E-006
  0.55999994277954102        1.0472330144982034E-006
  0.57999994233250618        8.8651755677349561E-007
  0.59999994188547134        7.4567538366632003E-007
  0.61999994143843651        6.5188514579037752E-007
  0.63999994099140167        6.1737517074437217E-007
  0.65999994054436684        5.8501941821425745E-007
  0.67999994009733200        5.0290066157100656E-007
  0.69999993965029716        4.1169826798486181E-007
  0.71999993920326233        3.4365768004745841E-007
  0.73999993875622749        2.9739833772935107E-007
  0.75999993830919266        2.6995249145057927E-007
  0.77999993786215782        2.5356696605994814E-007
  0.79999993741512299        2.3414352688501362E-007
  0.81999993696808815        2.0385672658821317E-007
  0.83999993652105331        1.6546864193330215E-007
  0.85999993607401848        1.2613126392873794E-007
  0.87999993562698364        9.1375204787663185E-008
  0.89999993517994881        6.3529980750020921E-008
  0.91999993473291397        4.2656346497953788E-008
  0.93999993428587914        2.7759871423768589E-008
  0.95999993383884430        1.7547120961779164E-008
  0.97999993339180946        1.0785401093867785E-008
  0.99999993294477463        6.4457597284730197E-009
   1.0199999324977398        3.7381863408751531E-009
   1.0399999320507050        2.0932176416356357E-009
   1.0599999316036701        1.1205262484056097E-009
   1.0799999311566353        5.6313092073780919E-010
   1.0999999307096004        2.5713275733760728E-010
   1.1199999302625656        1.0054965934331624E-010
   1.1399999298155308        3.1124545369474029E-011
   1.1599999293684959        1.1414094904933036E-011
   1.1799999289214611        1.9174110703916220E-011
   1.1999999284744263        4.1339521905686047E-011
   1.2199999280273914        7.0332370386876537E-011
   1.2399999275803566        1.0182970294738039E-010
   1.2599999271333218        1.3342698158640869E-010
   1.2799999266862869        1.6384271116490106E-010
   1.2999999262392521        1.9244704160882826E-010
   1.3199999257922173        2.1898319460473026E-010
   1.3399999253451824        2.4340331172500438E-010
   1.3599999248981476        2.6577211635153290E-010
   1.3799999244511127        2.8621075450010735E-010
   1.3999999240040779        3.0486443645085466E-010
   1.4199999235570431        3.2188416351893960E-010
   1.4399999231100082        3.3741676684070214E-010
   1.4599999226629734        3.5159982191523319E-010
   1.4799999222159386        3.6455939098664155E-010
   1.4999999217689037        3.7640937287455544E-010
   1.5199999213218689        3.8725173456644978E-010
   1.5399999208748341        3.9717719538429439E-010
   1.5599999204277992        4.0626611238683325E-010
   1.5799999199807644        4.1458942249682546E-010
   1.5999999195337296        4.2220956074572544E-010
   1.6199999190866947        4.2918131173157761E-010
   1.6399999186396599        4.3555257370360243E-010
   1.6599999181926250        4.4136502718515652E-010
   1.6799999177455902        4.4665470681665248E-010
   1.6999999172985554        4.5145247828158047E-010
   1.7199999168515205        4.5578442326992607E-010
   1.7399999164044857        4.5967213501977905E-010
   1.7599999159574509        4.6313292568654407E-010
   1.7799999155104160        4.6617994503160512E-010
   1.7999999150633812        4.6882220721180438E-010
   1.8199999146163464        4.7106451970813118E-010
   1.8399999141693115        4.7290730457517902E-010
   1.8599999137222767        4.7434629794231335E-010
   1.8799999132752419        4.7537210859432233E-010
   1.8999999128282070        4.7596961017476329E-010
   1.9199999123811722        4.7611713488445400E-010
   1.9399999119341373        4.7578542954531937E-010
   1.9599999114871025        4.7493633115992694E-010
   1.9799999110400677        4.7352112474187093E-010
   1.9999999105930328        4.7147857859973407E-010
   2.0199999101459980        4.6873274876061848E-010
   2.0399999096989632        4.6519088436677260E-010
   2.0599999092519283        4.6074230776889366E-010
   2.0799999088048935        4.5526027643438435E-010
   2.0999999083578587        4.4861103887818303E-010
   2.1199999079108238        4.4067824218952975E-010
   2.1399999074637890        4.3141716604982158E-010
   2.1599999070167542        4.2096173351193443E-010
   2.1799999065697193        4.0981487536431062E-010
   2.1999999061226845        3.9915023523725703E-010
   2.2199999056756496        3.9122018942989667E-010
   2.2399999052286148        3.8976965079484285E-010
   2.2599999047815800        4.0016698903544506E-010
   2.2799999043345451        4.2870098921194492E-010
   2.2999999038875103        4.8031204495080651E-010
   2.3199999034404755        5.5431205776583335E-010
   2.3399999029934406        6.3896329494159715E-010
   2.3599999025464058        7.0841049276669803E-010
   2.3799999020993710        7.2828823494281687E-010
   2.3999999016523361        6.7551012325342077E-010
   2.4199999012053013        5.6744551691724710E-010
   2.4399999007582664        4.7577155699000186E-010
   2.4599999003112316        4.8993532229883046E-010
   2.4799998998641968        6.2847995414448348E-010
   2.4999998994171619        7.7424222273008332E-010
   2.5199998989701271        7.5178162582945884E-010
   2.5399998985230923        5.5052161242209000E-010
   2.5599998980760574        4.3011009212064600E-010
   2.5799998976290226        6.1266392173347053E-010
   2.5999998971819878        8.6173260574016101E-010
   2.6199998967349529        7.3034851938053684E-010
   2.6399998962879181        3.9799681704957954E-010
   2.6599998958408833        5.4761337409422914E-010
   2.6799998953938484        9.7156230929680617E-010
   2.6999998949468136        7.2457938373445786E-010
   2.7199998944997787        2.9703103758666415E-010
   2.7399998940527439        8.3590015601214352E-010
   2.7599998936057091        1.1020916111126193E-009
   2.7799998931586742        2.8514956734481511E-010
   2.7999998927116394        7.1258974849880857E-010
   2.8199998922646046        1.4421794277164087E-009
   2.8399998918175697        2.4376420566256036E-010
   2.8599998913705349        9.2520403201244713E-010
   2.8799998909235001        1.8479287430836390E-009
   2.8999998904764652        3.1964073703588350E-011
   2.9199998900294304        2.0383398366966943E-009
   2.9399998895823956        1.9291995349564246E-009
   2.9599998891353607        4.6697648720773557E-010
   2.9799998886883259        4.4450892842326800E-009
   2.9999998882412910        9.4670295402992464E-010
   3.0199998877942562        4.5169916413139640E-009
   3.0399998873472214        5.1654820244431417E-009
   3.0599998869001865        3.0206715325910705E-009
   3.0799998864531517        1.0045082097567794E-008
   3.0999998860061169        2.6573036350602470E-009
   3.1199998855590820        1.2396586813974656E-008
