  -2.0000000000000000        0.0000000000000000     
  -1.9800000004470348        5.2359497124205933E-027
  -1.9600000008940697        1.8716469281453066E-026
  -1.9400000013411045        4.9454735657969795E-026
  -1.9200000017881393        1.4742901048835650E-025
  -1.9000000022351742        4.4819819900347722E-025
  -1.8800000026822090        1.3165199982205860E-024
  -1.8600000031292439        3.7692805010530170E-024
  -1.8400000035762787        1.0572364777115231E-023
  -1.8200000040233135        2.9029920100523569E-023
  -1.8000000044703484        7.7984409181439952E-023
  -1.7800000049173832        2.0493021206895287E-022
  -1.7600000053644180        5.2672991944318369E-022
  -1.7400000058114529        1.3241347728972548E-021
  -1.7200000062584877        3.2560275304249203E-021
  -1.7000000067055225        7.8331678072892275E-021
  -1.6800000071525574        1.8436889187737098E-020
  -1.6600000075995922        4.2437628620862539E-020
  -1.6400000080466270        9.5442087605389291E-020
  -1.6200000084936619        2.0953909400898065E-019
  -1.6000000089406967        4.4906578734822912E-019
  -1.5800000093877316        9.4095520146614991E-019
  -1.5600000098347664        1.9336567229785460E-018
  -1.5400000102818012        3.9078713931023923E-018
  -1.5200000107288361        7.7616648037876680E-018
  -1.5000000111758709        1.5050277891324922E-017
  -1.4800000116229057        2.8153022523343008E-017
  -1.4600000120699406        5.0180200760122509E-017
  -1.4400000125169754        8.4941457961983178E-017
  -1.4200000129640102        1.3938534829888554E-016
  -1.4000000134110451        2.3499374669527590E-016
  -1.3800000138580799        4.3757140179993005E-016
  -1.3600000143051147        9.0384911545342388E-016
  -1.3400000147521496        1.8958308380281764E-015
  -1.3200000151991844        3.6516816754113388E-015
  -1.3000000156462193        5.9762155098074650E-015
  -1.2800000160932541        7.6565087754407134E-015
  -1.2600000165402889        7.6331877643887820E-015
  -1.2400000169873238        1.2917873397148051E-014
  -1.2200000174343586        6.6686411375557227E-014
  -1.2000000178813934        3.2312828247143444E-013
  -1.1800000183284283        1.1405728117194281E-012
  -1.1600000187754631        3.5994141291517955E-012
  -1.1400000192224979        1.2101643875509193E-011
  -1.1200000196695328        3.4882866441062642E-011
  -1.1000000201165676        7.4100411756460631E-011
  -1.0800000205636024        1.8927040457511674E-010
  -1.0600000210106373        7.5742511829318644E-010
  -1.0400000214576721        2.0639505709845723E-009
  -1.0200000219047070        2.7350199755121864E-009
  -1.0000000223517418        7.3577031690344046E-009
 -0.98000002279877663        4.3137670553320222E-008
 -0.96000002324581146        9.7959045530897952E-008
 -0.94000002369284630        6.1325126123468613E-008
 -0.92000002413988113        2.8039950267710590E-007
 -0.90000002458691597        1.6919876332496005E-006
 -0.88000002503395081        2.6895129053817975E-006
 -0.86000002548098564        1.1445695176000355E-006
 -0.84000002592802048        8.4766724414484776E-006
 -0.82000002637505531        3.1999812055726668E-005
 -0.80000002682209015        3.9186173335400551E-005
 -0.78000002726912498        4.3323208583629899E-005
 -0.76000002771615982        1.3819370691679059E-004
 -0.74000002816319466        3.0471569113531900E-004
 -0.72000002861022949        5.3080557146676602E-004
 -0.70000002905726433        9.3106875427100184E-004
 -0.68000002950429916        1.5507543981122117E-003
 -0.66000002995133400        2.8234109253162513E-003
 -0.64000003039836884        5.1501070569643804E-003
 -0.62000003084540367        8.7286043223254606E-003
 -0.60000003129243851        1.4414108390495528E-002
 -0.58000003173947334        2.2743274060863680E-002
 -0.56000003218650818        3.5563667607163382E-002
 -0.54000003263354301        5.4982518053474122E-002
 -0.52000003308057785        8.3419785015720657E-002
 -0.50000003352761269       0.12470480158292267     
 -0.48000003397464752       0.18147647003208139     
 -0.46000003442168236       0.25817124101578870     
 -0.44000003486871719       0.35513326057448852     
 -0.42000003531575203       0.47350305443591911     
 -0.40000003576278687       0.61401424290653994     
 -0.38000003620982170       0.78726518856791494     
 -0.36000003665685654        1.0105148942869233     
 -0.34000003710389137        1.2934501973618329     
 -0.32000003755092621        1.6087806425787499     
 -0.30000003799796104        1.8840474413198240     
 -0.28000003844499588        2.0505759870355864     
 -0.26000003889203072        2.1330497089039979     
 -0.24000003933906555        2.2900165902203073     
 -0.22000003978610039        2.6953832254956218     
 -0.20000004023313522        3.3055329453607065     
 -0.18000004068017006        3.7457608330112726     
 -0.16000004112720490        3.5535036015371588     
 -0.14000004157423973        2.6828977417027686     
 -0.12000004202127457        1.7668517015523235     
 -0.10000004246830940        1.7004861630364980     
  -8.0000042915344238E-002   2.7526259744576858     
  -6.0000043362379074E-002   4.0878200619507830     
  -4.0000043809413910E-002   4.3656073929049377     
  -2.0000044256448746E-002   3.0311777605136965     
  -4.4703483581542969E-008   1.0144999694595618     
   1.9999954849481583E-002   1.6359846633313363E-003
   3.9999954402446747E-002   3.0369392329946925E-006
   5.9999953955411911E-002   8.9309809112399716E-008
   7.9999953508377075E-002   1.4048072275704040E-007
   9.9999953061342239E-002   1.7656036117076065E-007
  0.11999995261430740        3.3122574187030305E-007
  0.13999995216727257        3.2392944519972027E-007
  0.15999995172023773        6.0672514471736173E-007
  0.17999995127320290        5.3395585327011504E-007
  0.19999995082616806        9.0305668330827253E-007
  0.21999995037913322        9.0435116134491917E-007
  0.23999994993209839        1.0992504238013411E-006
  0.25999994948506355        1.4996393708552361E-006
  0.27999994903802872        1.2337865641537828E-006
  0.29999994859099388        2.0278724630661472E-006
  0.31999994814395905        1.7542946849018001E-006
  0.33999994769692421        1.9922433039334691E-006
  0.35999994724988937        2.7731473228005979E-006
  0.37999994680285454        2.0422830762835213E-006
  0.39999994635581970        2.9569605635546490E-006
  0.41999994590878487        3.3726831843373477E-006
  0.43999994546175003        2.4256141385173448E-006
  0.45999994501471519        3.6684803250999687E-006
  0.47999994456768036        3.9790749255817508E-006
  0.49999994412064552        2.6970492079738135E-006
  0.51999994367361069        3.8929371456915524E-006
  0.53999994322657585        4.8200785222822700E-006
  0.55999994277954102        3.1556041509913199E-006
  0.57999994233250618        3.1336272888926188E-006
  0.59999994188547134        5.0848689153673872E-006
  0.61999994143843651        4.6797452318439622E-006
  0.63999994099140167        2.6670361749030339E-006
  0.65999994054436684        3.0174025005923796E-006
  0.67999994009733200        5.1174328920798631E-006
  0.69999993965029716        5.2992384604216473E-006
  0.71999993920326233        3.2023815601571763E-006
  0.73999993875622749        1.7169344589599341E-006
  0.75999993830919266        2.5944622999513053E-006
  0.77999993786215782        4.7749008178196786E-006
  0.79999993741512299        6.3795457533364101E-006
  0.81999993696808815        6.3539083608258284E-006
  0.83999993652105331        5.0826210184538259E-006
  0.85999993607401848        3.4267274277429184E-006
  0.87999993562698364        1.9845155795935703E-006
  0.89999993517994881        1.0237027166284950E-006
  0.91999993473291397        4.6792096502537618E-007
  0.93999993428587914        1.9614714561169171E-007
  0.95999993383884430        7.4115836064437476E-008
  0.97999993339180946        2.6144603211698573E-008
  0.99999993294477463        8.4042078446895298E-009
   1.0199999324977398        2.5529464082000520E-009
   1.0399999320507050        7.1222919594217708E-010
   1.0599999316036701        1.8948287922501147E-010
   1.0799999311566353        4.6577543908069195E-011
   1.0999999307096004        1.0995039963658428E-011
   1.1199999302625656        2.4094494880860871E-012
   1.1399999298155308        5.0977644170616670E-013
   1.1599999293684959        1.0048949853477120E-013
   1.1799999289214611        1.9205266536446833E-014
   1.1999999284744263        3.4301922025157991E-015
   1.2199999280273914        5.9615240786570339E-016
   1.2399999275803566        9.7109789188917268E-017
   1.2599999271333218        1.5445028036423602E-017
   1.2799999266862869        2.3086687583385122E-018
   1.2999999262392521        3.3787288124841219E-019
   1.3199999257922173        4.6560383903690563E-020
   1.3399999253451824        6.2923931874452018E-021
   1.3599999248981476        8.0159959678492788E-022
   1.3799999244511127        1.0028379332214386E-022
   1.3999999240040779        1.1847053635949562E-023
   1.4199999235570431        1.3784041561592483E-024
   1.4399999231100082        1.5198534514229169E-025
   1.4599999226629734        1.6568068293447183E-026
   1.4799999222159386        1.7158393620207938E-027
   1.4999999217689037        1.7562181226350452E-028
   1.5199999213218689        1.7013571763609851E-029
   1.5399999208748341        1.6185480519811760E-030
   1.5599999204277992        1.4490822326629344E-031
   1.5799999199807644        1.2743381017203394E-032
   1.5999999195337296        1.0669580203949920E-033
   1.6199999190866947        9.0178265305740457E-035
   1.6399999186396599        7.5153979502185942E-036
   1.6599999181926250        6.4610721581789129E-037
   1.6799999177455902        5.3882525110519796E-038
   1.6999999172985554        4.3401884044032730E-039
   1.7199999168515205        3.0780235658795857E-040
   1.7399999164044857        1.8578169822947249E-041
   1.7599999159574509        8.2497841380480011E-043
   1.7799999155104160        2.4273657612295827E-044
   1.7999999150633812        1.4029422315101407E-045
   1.8199999146163464        4.1344056591143748E-046
   1.8399999141693115        8.2178496112081120E-047
   1.8599999137222767        1.1652481750783308E-047
   1.8799999132752419        1.3235805597462945E-048
   1.8999999128282070        1.3355274251123083E-049
   1.9199999123811722        1.2979593802172496E-050
   1.9399999119341373        1.3286524443439082E-051
   1.9599999114871025        1.4905156426591713E-052
   1.9799999110400677        1.7769820953309132E-053
   1.9999999105930328        2.1424037752643173E-054
   2.0199999101459980        2.5237644055516229E-055
   2.0399999096989632        2.8762958106401927E-056
   2.0599999092519283        3.1787959914935179E-057
   2.0799999088048935        3.4273483927897258E-058
   2.0999999083578587        3.6275571857096481E-059
   2.1199999079108238        3.7822226276264740E-060
   2.1399999074637890        3.8903041466891741E-061
   2.1599999070167542        3.9471229852188330E-062
   2.1799999065697193        3.9474975880938206E-063
   2.1999999061226845        3.8889852561784220E-064
   2.2199999056756496        3.7726674448220015E-065
   2.2399999052286148        3.6034519803030568E-066
   2.2599999047815800        3.3890704486417571E-067
   2.2799999043345451        3.1390361910134765E-068
   2.2999999038875103        2.8637279491978725E-069
   2.3199999034404755        2.5735763922558735E-070
   2.3399999029934406        2.2785076251796657E-071
   2.3599999025464058        1.9874711006822797E-072
   2.3799999020993710        1.7080974607594932E-073
   2.3999999016523361        1.4464727865085311E-074
   2.4199999012053013        1.2070322983262120E-075
   2.4399999007582664        9.9257872496908360E-077
   2.4599999003112316        8.0440668875721836E-078
   2.4799998998641968        6.4250814160565815E-079
   2.4999998994171619        5.0582544743077496E-080
   2.5199998989701271        3.9252627396833984E-081
   2.5399998985230923        3.0026792134565291E-082
   2.5599998980760574        2.2643680532458906E-083
   2.5799998976290226        1.6834864291649625E-084
   2.5999998971819878        1.2340196864715467E-085
   2.6199998967349529        8.9189086368966149E-087
   2.6399998962879181        6.3563051701779382E-088
   2.6599998958408833        4.4671181451906445E-089
   2.6799998953938484        3.0960430506784069E-090
   2.6999998949468136        2.1162520703229661E-091
   2.7199998944997787        1.4267076339968932E-092
   2.7399998940527439        9.4870828189815445E-094
   2.7599998936057091        6.2227768113425271E-095
   2.7799998931586742        4.0263718237562052E-096
   2.7999998927116394        2.5700622607773911E-097
   2.8199998922646046        1.6184515164483370E-098
   2.8399998918175697        1.0055545840878089E-099
   2.8599998913705349        6.1643548417526735E-101
   2.8799998909235001        3.7288295400282308E-102
   2.8999998904764652        2.2257938597866786E-103
   2.9199998900294304        1.3111474035810832E-104
   2.9399998895823956        7.6224774575357628E-106
   2.9599998891353607        4.3736064417695738E-107
   2.9799998886883259        2.4768861520679675E-108
   2.9999998882412910        1.3845570307305098E-109
   3.0199998877942562        7.6396894918334267E-111
   3.0399998873472214        4.1612615066340298E-112
   3.0599998869001865        2.2368993188084107E-113
   3.0799998864531517        1.1901361475762410E-114
   3.0999998860061169        6.5995473478965760E-116
   3.1199998855590820        0.0000000000000000     
