  -2.00000000       1.45174158E-06
  -1.98000002       3.89624319E-07
  -1.96000004       6.88997090E-07
  -1.94000006       8.30146519E-07
  -1.91999996       1.53338533E-07
  -1.89999998       9.41485609E-07
  -1.88000000       3.05659228E-07
  -1.86000001       1.43126306E-06
  -1.84000003       3.14094962E-07
  -1.82000005       3.93070309E-07
  -1.79999995       3.72044997E-06
  -1.77999997       5.50309323E-07
  -1.75999999       4.35850154E-07
  -1.74000001       2.14271608E-06
  -1.72000003       1.92150833E-06
  -1.70000005       7.20201967E-07
  -1.68000007       1.20165032E-06
  -1.65999997       1.79970687E-06
  -1.63999999       1.38225437E-06
  -1.62000000       2.47511252E-06
  -1.60000002       1.85690305E-06
  -1.58000004       8.82937172E-07
  -1.56000006       3.10358951E-06
  -1.53999996       1.83627219E-06
  -1.51999998       1.24933524E-06
  -1.50000000       2.32492448E-06
  -1.48000002       3.44921659E-06
  -1.46000004       2.49812024E-06
  -1.44000006       1.35879520E-06
  -1.41999996       4.08603637E-06
  -1.39999998       4.10518851E-06
  -1.38000000       2.68419103E-06
  -1.36000001       2.13112389E-06
  -1.34000003       3.78144296E-06
  -1.32000005       6.73954128E-06
  -1.30000007       1.43455759E-06
  -1.27999997       7.23588300E-07
  -1.25999999       4.69516044E-06
  -1.24000001       2.90218281E-06
  -1.22000003       7.07694525E-08
  -1.20000005       2.04472803E-06
  -1.18000007       5.69634631E-06
  -1.15999997       2.11628412E-06
  -1.13999999       5.30441582E-07
  -1.12000000       1.52980783E-06
  -1.10000002       2.31431591E-06
  -1.08000004       3.65445408E-06
  -1.06000006       3.43365002E-07
  -1.03999996       3.02823054E-07
  -1.01999998       1.74884747E-06
  -1.00000000       1.60021546E-06
 -0.980000019       2.20598463E-06
 -0.960000038       3.98765252E-07
 -0.939999998       3.43270528E-07
 -0.920000017       3.53581811E-07
 -0.900000036       5.83279189E-07
 -0.879999995       3.47921332E-06
 -0.860000014       3.01516889E-06
 -0.840000033       5.40331075E-06
 -0.820000052       3.40060456E-06
 -0.800000012       5.83156725E-06
 -0.780000031       9.83473637E-06
 -0.760000050       2.80365712E-05
 -0.740000010       6.60533697E-05
 -0.720000029       1.28416374E-04
 -0.700000048       2.48440396E-04
 -0.680000007       4.56325768E-04
 -0.660000026       8.84204637E-04
 -0.640000045       1.57307449E-03
 -0.620000005       2.56222533E-03
 -0.600000024       3.64865921E-03
 -0.580000043       4.93173813E-03
 -0.560000062       7.25888321E-03
 -0.540000021       1.29816085E-02
 -0.520000041       2.51202527E-02
 -0.500000060       4.44616564E-02
 -0.480000019       6.61520883E-02
 -0.460000038       8.02924559E-02
 -0.440000027       8.20893571E-02
 -0.420000046       8.76495615E-02
 -0.400000036      0.139994472    
 -0.380000025      0.284925580    
 -0.360000044      0.516549885    
 -0.340000033      0.737862945    
 -0.320000052      0.798472345    
 -0.300000042      0.634772778    
 -0.280000031      0.415345550    
 -0.260000050      0.523576915    
 -0.240000039       1.28098941    
 -0.220000044       2.55497146    
 -0.200000048       3.64534760    
 -0.180000037       3.69119549    
 -0.160000041       2.47629666    
 -0.140000045      0.882437468    
 -0.120000042      0.473576009    
 -0.100000039       2.23016262    
  -8.00000429E-02   5.46590328    
  -6.00000434E-02   8.08491421    
  -4.00000438E-02   8.00589466    
  -2.00000443E-02   5.19380760    
  -4.47034836E-08   1.53094208    
   1.99999548E-02   1.37738762E-02
   3.99999544E-02   3.06179390E-05
   5.99999540E-02   1.10161545E-05
   7.99999535E-02   1.93424762E-06
   9.99999493E-02   1.33164519E-06
  0.119999953       1.26837691E-07
  0.139999956       6.27490238E-07
  0.159999952       2.75016703E-08
  0.179999948       5.47998638E-07
  0.199999958       1.29116742E-07
  0.219999954       5.87832062E-07
  0.239999950       2.96156173E-07
  0.259999961       6.56516306E-07
  0.279999942       5.14136673E-07
  0.299999952       7.53261872E-07
  0.319999933       7.27610825E-07
  0.339999944       8.61804494E-07
  0.359999955       9.56852887E-07
  0.379999936       9.62276772E-07
  0.399999946       1.18737819E-06
  0.419999957       1.09423297E-06
  0.439999938       1.36447045E-06
  0.459999949       1.26281145E-06
  0.479999959       1.47772937E-06
  0.499999940       1.51065262E-06
  0.519999921       1.55819873E-06
  0.539999962       1.68861254E-06
  0.559999943       1.67830331E-06
  0.579999924       1.82573308E-06
  0.599999964       1.75723812E-06
  0.619999945       1.90878222E-06
  0.639999926       1.88621857E-06
  0.659999967       1.88923775E-06
  0.679999948       1.98536759E-06
  0.699999928       1.95917232E-06
  0.719999909       2.00403042E-06
  0.739999950       1.94670224E-06
  0.759999931       1.92100629E-06
  0.779999912       1.94565678E-06
  0.799999952       1.87655121E-06
  0.819999933       1.89706054E-06
  0.839999914       1.86729881E-06
  0.859999955       1.76925278E-06
  0.879999936       1.79113306E-06
  0.899999917       1.73065882E-06
  0.919999957       1.65807842E-06
  0.939999938       1.65180757E-06
  0.959999919       1.55879025E-06
  0.979999959       1.54847726E-06
  0.999999940       1.49347409E-06
   1.01999998       1.40658813E-06
   1.03999996       1.38554140E-06
   1.05999994       1.32767059E-06
   1.07999992       1.25974293E-06
   1.09999990       1.21951450E-06
   1.11999989       1.18172261E-06
   1.13999999       1.13335477E-06
   1.15999997       1.11842201E-06
   1.17999995       1.09715006E-06
   1.19999993       1.03355683E-06
   1.21999991       1.03047114E-06
   1.23999989       9.90590820E-07
   1.25999987       8.91516663E-07
   1.27999997       8.87364877E-07
   1.29999995       8.57473992E-07
   1.31999993       7.93599270E-07
   1.33999991       8.04690615E-07
   1.35999990       8.15113026E-07
   1.37999988       7.44408737E-07
   1.39999998       6.92187257E-07
   1.41999996       7.15603903E-07
   1.43999994       6.72472481E-07
   1.45999992       6.28823670E-07
   1.47999990       6.16631496E-07
   1.49999988       6.08062976E-07
   1.51999998       5.77438868E-07
   1.53999996       5.47113473E-07
   1.55999994       5.56988880E-07
   1.57999992       5.36835785E-07
   1.59999990       4.85811540E-07
   1.61999989       4.89991749E-07
   1.63999987       4.94461574E-07
   1.65999997       4.62121790E-07
   1.67999995       4.28873790E-07
   1.69999993       4.23966611E-07
   1.71999991       4.26687393E-07
   1.73999989       3.85247489E-07
   1.75999987       3.84054999E-07
   1.77999997       3.84695852E-07
   1.79999995       3.77369872E-07
   1.81999993       3.39384854E-07
   1.83999991       3.12863392E-07
   1.85999990       3.26710506E-07
   1.87999988       3.40391381E-07
   1.89999986       3.11111222E-07
   1.91999996       2.75835276E-07
   1.93999994       2.88209009E-07
   1.95999992       2.84310545E-07
   1.97999990       2.87201175E-07
   1.99999988       2.46707373E-07
   2.01999998       2.33620824E-07
   2.03999996       2.45292796E-07
   2.05999994       2.61016254E-07
   2.07999992       2.22320082E-07
   2.09999990       2.14601400E-07
   2.11999989       2.10549175E-07
   2.13999987       2.08597740E-07
   2.15999985       2.09511470E-07
   2.17999983       1.84816969E-07
   2.19999981       1.88128041E-07
   2.21999979       1.76423910E-07
   2.24000001       1.72312127E-07
   2.25999999       1.61419138E-07
   2.27999997       1.77090868E-07
   2.29999995       1.74344024E-07
   2.31999993       1.38422408E-07
   2.33999991       1.31548987E-07
   2.35999990       1.38374375E-07
   2.37999988       1.45190782E-07
   2.39999986       1.37393855E-07
   2.41999984       1.24563599E-07
   2.43999982       1.41086645E-07
   2.45999980       1.09368237E-07
   2.48000002       9.12199809E-08
   2.50000000       1.12123054E-07
   2.51999998       1.22687027E-07
   2.53999996       1.09877526E-07
   2.55999994       1.02796506E-07
   2.57999992       1.03916641E-07
   2.59999990       7.69845840E-08
   2.61999989       7.56233476E-08
   2.63999987       8.54547153E-08
   2.65999985       7.61031842E-08
   2.67999983       8.90392968E-08
   2.69999981       9.86734250E-08
   2.71999979       7.34603205E-08
   2.74000001       6.82669850E-08
   2.75999999       5.77532155E-08
   2.77999997       4.35554561E-08
   2.79999995       3.84595502E-08
   2.81999993       8.41091605E-08
   2.83999991       4.87958189E-08
   2.85999990       7.91661208E-08
   2.87999988       7.23200841E-08
   2.89999986       5.56298723E-08
   2.91999984       3.07435677E-08
   2.93999982       3.62427208E-08
   2.95999980       1.52391646E-08
   2.97999978       2.41436169E-08
   3.00000000       3.45881581E-08
   3.01999998       4.81899463E-08
   3.03999996       7.48158229E-08
   3.05999994       7.80671883E-08
   3.07999992       6.53218208E-08
   3.09999990       4.55971545E-08
   3.11999989       8.19872226E-10
