   1.0000000000000000        4.8986015508117463E-004
   1.1000000014901161        5.5972478224650753E-004
   1.2000000029802322        6.3438756351840006E-004
   1.3000000044703484        7.1412825015835526E-004
   1.4000000059604645        7.9922863664507230E-004
   1.5000000074505806        8.9009812536793064E-004
   1.6000000089406967        9.8701445778890426E-004
   1.7000000104308128        1.0904140946988473E-003
   1.8000000119209290        1.2006746867486060E-003
   1.9000000134110451        1.3182486608105456E-003
   2.0000000149011612        1.4436449250874578E-003
   2.1000000163912773        1.5771047295554659E-003
   2.2000000178813934        1.7194093992570893E-003
   2.3000000193715096        1.8710032895143272E-003
   2.4000000208616257        2.0325703445202583E-003
   2.5000000223517418        2.2045713679739363E-003
   2.6000000238418579        2.3877909442288274E-003
   2.7000000253319740        2.5830442566312792E-003
   2.8000000268220901        2.7907357230965890E-003
   2.9000000283122063        3.0119279736663253E-003
   3.0000000298023224        3.2474969686325196E-003
   3.1000000312924385        3.4983431270312702E-003
   3.2000000327825546        3.7653500593686174E-003
   3.3000000342726707        4.0495840346042086E-003
   3.4000000357627869        4.3522323813475804E-003
   3.5000000372529030        4.6742843249122082E-003
   3.6000000387430191        5.0173394241161719E-003
   3.7000000402331352        5.3821660748751086E-003
   3.8000000417232513        5.7707956428240175E-003
   3.9000000432133675        6.1844173312025578E-003
   4.0000000447034836        6.6256509279239159E-003
   4.1000000461935997        7.0944130082641237E-003
   4.2000000476837158        7.5938879985656743E-003
   4.3000000491738319        8.1261331379916552E-003
   4.4000000506639481        8.6926718097872797E-003
   4.5000000521540642        9.2962935067463452E-003
   4.6000000536441803        9.9395625112934424E-003
   4.7000000551342964        1.0624631180412082E-002
   4.8000000566244125        1.1354416394761696E-002
   4.9000000581145287        1.2132428315287359E-002
   5.0000000596046448        1.2961237452435968E-002
   5.1000000610947609        1.3844867488077773E-002
   5.2000000625848770        1.4786834065174722E-002
   5.3000000640749931        1.5790924784680090E-002
   5.4000000655651093        1.6861380765506525E-002
   5.5000000670552254        1.8003021597016246E-002
   5.6000000685453415        1.9220721431493750E-002
   5.7000000700354576        2.0516351213364852E-002
   5.8000000715255737        2.1904653800691641E-002
   5.9000000730156898        2.3383362124547252E-002
   6.0000000745058060        2.4960759456997873E-002
   6.1000000759959221        2.6644087568106278E-002
   6.2000000774860382        2.8440850760473535E-002
   6.3000000789761543        3.0359903980757549E-002
   6.4000000804662704        3.2409899043065030E-002
   6.5000000819563866        3.4598692155691557E-002
   6.6000000834465027        3.6934465150285437E-002
   6.7000000849366188        3.9431315022053687E-002
   6.8000000864267349        4.2099563486449179E-002
   6.9000000879168510        4.4949081969551448E-002
   7.0000000894069672        4.7996057974969676E-002
   7.1000000908970833        5.1251135227293215E-002
   7.2000000923871994        5.4729744236108817E-002
   7.3000000938773155        5.8446625073292978E-002
   7.4000000953674316        6.2423023871212978E-002
   7.5000000968575478        6.6667710929799978E-002
   7.6000000983476639        7.1209752220981484E-002
   7.7000000998377800        7.6062816684217355E-002
   7.8000001013278961        8.1250367030227685E-002
   7.9000001028180122        8.6787651421158157E-002
   8.0000001043081284        9.2712475713561018E-002
   8.1000001057982445        9.9039475298056914E-002
   8.2000001072883606       0.10579185360312122     
   8.3000001087784767       0.11300080762933790     
   8.4000001102685928       0.12070285425962733     
   8.5000001117587090       0.12891746802865720     
   8.6000001132488251       0.13767459495602827     
   8.7000001147389412       0.14701626471907012     
   8.8000001162290573       0.15695422696155706     
   8.9000001177191734       0.16755226350419164     
   9.0000001192092896       0.17881857886827848     
   9.1000001206994057       0.19079044193408193     
   9.2000001221895218       0.20350049174382739     
   9.3000001236796379       0.21698955263276304     
   9.4000001251697540       0.23127592280696055     
   9.5000001266598701       0.24638131129270158     
   9.6000001281499863       0.26234330067408540     
   9.7000001296401024       0.27917017413892825     
   9.8000001311302185       0.29684516115379095     
   9.9000001326203346       0.31548742322117829     
   10.000000134110451       0.33499281712501089     
   10.100000135600567       0.35538604571387605     
   10.200000137090683       0.37664448016440494     
   10.300000138580799       0.39873247570632209     
   10.400000140070915       0.42163945748420845     
   10.500000141561031       0.44530549112551127     
   10.600000143051147       0.46967291577841730     
   10.700000144541264       0.49464605552128144     
   10.800000146031380       0.52016054087509855     
   10.900000147521496       0.54609307741384783     
   11.000000149011612       0.57233818844329187     
   11.100000150501728       0.59882886795153434     
   11.200000151991844       0.62535881259671910     
   11.300000153481960       0.65179122033383563     
   11.400000154972076       0.67800730107608898     
   11.500000156462193       0.70386912643081423     
   11.600000157952309       0.72918282202207563     
   11.700000159442425       0.75394172653724956     
   11.800000160932541       0.77773036033893350     
   11.900000162422657       0.80067512731607571     
   12.000000163912773       0.82257646847360699     
   12.100000165402889       0.84333704880244920     
   12.200000166893005       0.86286417472483989     
   12.300000168383121       0.88109670767544823     
   12.400000169873238       0.89794647696969021     
   12.500000171363354       0.91347521237802021     
   12.600000172853470       0.92756896443129777     
   12.700000174343586       0.94027606763480975     
   12.800000175833702       0.95157181114214406     
   12.900000177323818       0.96154684362975851     
   13.000000178813934       0.97019881899076388     
   13.100000180304050       0.97759295976954730     
   13.200000181794167       0.98379965601135799     
   13.300000183284283       0.98887404139325108     
   13.400000184774399       0.99289997832377397     
   13.500000186264515       0.99594760139736394     
   13.600000187754631       0.99809687457054197     
   13.700000189244747       0.99942634609337966     
   13.800000190734863        1.0000132470860843     
   13.900000192224979       0.99993376845672444     
   14.000000193715096       0.99926019366235841     
   14.100000195205212       0.99806242652606569     
   14.200000196695328       0.99640760743204404     
   14.300000198185444       0.99435647082861001     
   14.400000199675560       0.99196552380930580     
   14.500000201165676       0.98929442623148123     
   14.600000202655792       0.98638565158986624     
   14.700000204145908       0.98328818152601005     
   14.800000205636024       0.98004267861182548     
   14.900000207126141       0.97668690119442791     
   15.000000208616257       0.97324855957023748     
   15.100000210106373       0.96976778477695980     
   15.200000211596489       0.96635319165089562     
   15.300000213086605       0.96276212999297173     
   15.400000214576721       0.95928341310624232     
   15.500000216066837       0.95584746013113286     
   15.600000217556953       0.95247479457002093     
   15.700000219047070       0.94916417800271091     
   15.800000220537186       0.94595151440258207     
   15.900000222027302       0.94282858167672234     
   16.000000223517418       0.93979105228347459     
   16.100000225007534       0.93689488156109724     
   16.200000226497650       0.93410464416200401     
   16.300000227987766       0.93146422934633322     
   16.400000229477882       0.92889538200432942     
   16.500000230967999       0.92648130689138020     
   16.600000232458115       0.92416644943377213     
   16.700000233948231       0.92204974337432044     
   16.800000235438347       0.92003102130474079     
   16.900000236928463       0.91814611913226862     
   17.000000238418579       0.91641140360487328     
   17.100000239908695       0.91479658340437142     
   17.200000241398811       0.91331900478684047     
   17.300000242888927       0.91197758520502570     
   17.400000244379044       0.91076251919012119     
   17.500000245869160       0.90967647710212629     
   17.600000247359276       0.90873961272983694     
   17.700000248849392       0.90787054239230114     
   17.800000250339508       0.90715086267959033     
   17.900000251829624       0.90652953209079790     
   18.000000253319740       0.90606651397828797     
   18.100000254809856       0.90571510105558739     
   18.200000256299973       0.90545057183130151     
   18.300000257790089       0.90529948431597085     
   18.400000259280205       0.90525053875879646     
   18.500000260770321       0.90530287750942995     
   18.600000262260437       0.90550497638452887     
   18.700000263750553       0.90568993482286120     
   18.800000265240669       0.90602430150675684     
   18.900000266730785       0.90644026523439059     
   19.000000268220901       0.90694162324918504     
   19.100000269711018       0.90752493229955666     
   19.200000271201134       0.90817345721706422     
   19.300000272691250       0.90890939308683150     
   19.400000274181366       0.90970012220202245     
   19.500000275671482       0.91056789657463011     
   19.600000277161598       0.91149086346980779     
   19.700000278651714       0.91248208296166766     
   19.800000280141830       0.91352703260545720     
   19.900000281631947       0.91461855557370209     
   20.000000283122063       0.91575361545039624     
   20.100000284612179       0.91696286864883492     
   20.200000286102295       0.91820565335738680     
   20.300000287592411       0.91947921487591389     
   20.400000289082527       0.92080325436790345     
   20.500000290572643       0.92213031733085071     
   20.600000292062759       0.92347816961966234     
   20.700000293552876       0.92496562047839892     
   20.800000295042992       0.92641006487223532     
   20.900000296533108       0.92787632518992058     
   21.000000298023224       0.92936814677705715     
   21.100000299513340       0.93088795019229309     
   21.200000301003456       0.93243915657528786     
   21.300000302493572       0.93397791627755233     
   21.400000303983688       0.93554176280723045     
   21.500000305473804       0.93711109165031548     
   21.600000306963921       0.93869453966079253     
   21.700000308454037       0.94030443923060614     
   21.800000309944153       0.94188457166652595     
   21.900000311434269       0.94348905834890806     
   22.000000312924385       0.94509022891488448     
   22.100000314414501       0.94669820826618223     
   22.200000315904617       0.94828324309250189     
   22.300000317394733       0.94980247011144059     
   22.400000318884850       0.95145886959701687     
   22.500000320374966       0.95303285438577323     
   22.600000321865082       0.95460195130023540     
   22.700000323355198       0.95615246165876211     
   22.800000324845314       0.95771766674206349     
   22.900000326335430       0.95921752964879536     
   23.000000327825546       0.96072509951545171     
   23.100000329315662       0.96221667812727429     
   23.200000330805779       0.96368018672108902     
   23.300000332295895       0.96513298134989489     
   23.400000333786011       0.96655459127997345     
   23.500000335276127       0.96795256770853111     
   23.600000336766243       0.96933480004336570     
   23.700000338256359       0.97068820894400165     
   23.800000339746475       0.97201285296933526     
   23.900000341236591       0.97331340446433001     
   24.000000342726707       0.97458330997977560     
   24.100000344216824       0.97581762628881019     
   24.200000345706940       0.97703524400999198     
   24.300000347197056       0.97822192389174378     
   24.400000348687172       0.97930444008842210     
   24.500000350177288       0.98048960949666342     
   24.600000351667404       0.98157603927644399     
   24.700000353157520       0.98263264446471954     
   24.800000354647636       0.98366032700623551     
   24.900000356137753       0.98465931693585240     
   25.000000357627869       0.98560685885786314     
   25.100000359117985       0.98652552497238066     
   25.200000360608101       0.98742199244794482     
   25.300000362098217       0.98829008867138712     
   25.400000363588333       0.98912315847549659     
   25.500000365078449       0.98991345922872820     
   25.600000366568565       0.99067442207753686     
   25.700000368058681       0.99140497804155436     
   25.800000369548798       0.99210570455599167     
   25.900000371038914       0.99276808080732171     
   26.000000372529030       0.99340655508506470     
