   0.0000000000000000        1.0000000000000000     
   9.9999997764825821E-003  0.99999999999999978     
   1.9999999552965164E-002  0.99999946044849208     
   2.9999999329447746E-002  0.99999838522849926     
   3.9999999105930328E-002  0.99999678207812115     
   4.9999998882412910E-002  0.99999466253484581     
   5.9999998658895493E-002  0.99999204185251767     
   6.9999998435378075E-002  0.99998893889155716     
   7.9999998211860657E-002  0.99998537598323001     
   8.9999997988343239E-002  0.99998137876893123     
   9.9999997764825821E-002  0.99997697601565205     
  0.10999999754130840       0.99997219940895044     
  0.11999999731779099       0.99996708332491724     
  0.12999999709427357       0.99996166458278091     
  0.13999999687075615       0.99995598217992732     
  0.14999999664723873       0.99995007701124416     
  0.15999999642372131       0.99994399157481284     
  0.16999999620020390       0.99993776966605741     
  0.17999999597668648       0.99993145606256129     
  0.18999999575316906       0.99992509620181158     
  0.19999999552965164       0.99991873585419899     
  0.20999999530613422       0.99991242079361797     
  0.21999999508261681       0.99990619646804213     
  0.22999999485909939       0.99990010767244841     
  0.23999999463558197       0.99989419822643566     
  0.24999999441206455       0.99988851065886764     
  0.25999999418854713       0.99988308590180219     
  0.26999999396502972       0.99987796299591281     
  0.27999999374151230       0.99987317880952287     
  0.28999999351799488       0.99986876777327272     
  0.29999999329447746       0.99986476163233118     
  0.30999999307096004       0.99986118921793210     
  0.31999999284744263       0.99985807623988399     
  0.32999999262392521       0.99985544510154167     
  0.33999999240040779       0.99985331473857653     
  0.34999999217689037       0.99985170048269878     
  0.35999999195337296       0.99985061395132013     
  0.36999999172985554       0.99985006296394641     
  0.37999999150633812       0.99985005148590111     
  0.38999999128282070       0.99985057959978896     
  0.39999999105930328       0.99985164350490097     
  0.40999999083578587       0.99985323554456806     
  0.41999999061226845       0.99985534426126299     
  0.42999999038875103       0.99985795447905801     
  0.43999999016523361       0.99986104741284243     
  0.44999998994171619       0.99986460080351469     
  0.45999998971819878       0.99986858907817622     
  0.46999998949468136       0.99987298353417142     
  0.47999998927116394       0.99987775254565647     
  0.48999998904764652       0.99988286179120056     
  0.49999998882412910       0.99988827450079132     
  0.50999998860061169       0.99989395172045736     
  0.51999998837709427       0.99989985259261260     
  0.52999998815357685       0.99990593465009747     
  0.53999998793005943       0.99991215412180490     
  0.54999998770654202       0.99991846624769087     
  0.55999998748302460       0.99992482560090146     
  0.56999998725950718       0.99993118641469869     
  0.57999998703598976       0.99993750291183359     
  0.58999998681247234       0.99994372963399369     
  0.59999998658895493       0.99994982176895497     
  0.60999998636543751       0.99995573547308569     
  0.61999998614192009       0.99996142818687672     
  0.62999998591840267       0.99996685894123472     
  0.63999998569488525       0.99997198865232495     
  0.64999998547136784       0.99997678040284865     
  0.65999998524785042       0.99998119970772859     
  0.66999998502433300       0.99998521476228852     
  0.67999998480081558       0.99998879667114482     
  0.68999998457729816       0.99999191965616052     
  0.69999998435378075       0.99999456124196173     
  0.70999998413026333       0.99999670241769079     
  0.71999998390674591       0.99999832777381947     
  0.72999998368322849       0.99999942561305077     
  0.73999998345971107       0.99999998803449874     
  0.74999998323619366        1.0000000109905520     
  0.75999998301267624       0.99999949431600110     
  0.76999998278915882       0.99999844172922892     
  0.77999998256564140       0.99999686080544903     
  0.78999998234212399       0.99999476292219036     
  0.79999998211860657       0.99999216317741524     
  0.80999998189508915       0.99998908028086209     
  0.81999998167157173       0.99998553641939691     
  0.82999998144805431       0.99998155709733960     
  0.83999998122453690       0.99997717095291550     
  0.84999998100101948       0.99997240955215205     
  0.85999998077750206       0.99996730716170723     
  0.86999998055398464       0.99996190050225942     
  0.87999998033046722       0.99995622848423782     
  0.88999998010694981       0.99995033192779426     
  0.89999997988343239       0.99994425326902958     
  0.90999997965991497       0.99993803625458999     
  0.91999997943639755       0.99993172562683563     
  0.92999997921288013       0.99992536680183863     
  0.93999997898936272       0.99991900554253588     
  0.94999997876584530       0.99991268762938168     
  0.95999997854232788       0.99990645853088056     
  0.96999997831881046       0.99990036307635766     
  0.97999997809529305       0.99989444513333525     
  0.98999997787177563       0.99988874729182786     
  0.99999997764825821       0.99988331055783286     
   1.0099999774247408       0.99987817405821877     
   1.0199999772012234       0.99987337475913896     
   1.0299999769777060       0.99986894719999730     
   1.0399999767541885       0.99986492324487242     
   1.0499999765306711       0.99986133185320369     
   1.0599999763071537       0.99985819887137384     
   1.0699999760836363       0.99985554684670030     
   1.0799999758601189       0.99985339486516878     
   1.0899999756366014       0.99985175841407226     
   1.0999999754130840       0.99985064927055745     
   1.1099999751895666       0.99985007541686333     
   1.1199999749660492       0.99985004098287622     
   1.1299999747425318       0.99985054621641045     
   1.1399999745190144       0.99985158748142133     
   1.1499999742954969       0.99985315728417490     
   1.1599999740719795       0.99985524432717687     
   1.1699999738484621       0.99985783359048086     
   1.1799999736249447       0.99986090643978021     
   1.1899999734014273       0.99986444076051673     
   1.1999999731779099       0.99986841111703317     
   1.2099999729543924       0.99987278893562748     
   1.2199999727308750       0.99987754271019003     
   1.2299999725073576       0.99988263822894774     
   1.2399999722838402       0.99988803882067556     
   1.2499999720603228       0.99989370561861235     
   1.2599999718368053       0.99989959784017401     
   1.2699999716132879       0.99990567308045675     
   1.2799999713897705       0.99991188761741645     
   1.2899999711662531       0.99991819672652238     
   1.2999999709427357       0.99992455500263211     
   1.3099999707192183       0.99993091668675926     
   1.3199999704957008       0.99993723599539164     
   1.3299999702721834       0.99994346744998253     
   1.3399999700486660       0.99994956620424968     
   1.3499999698251486       0.99995548836692394     
   1.3599999696016312       0.99996119131762240     
   1.3699999693781137       0.99996663401357888     
   1.3799999691545963       0.99997177728501796     
   1.3899999689310789       0.99997658411705048     
   1.3999999687075615       0.99998101991606059     
   1.4099999684840441       0.99998505275866789     
   1.4199999682605267       0.99998865362147338     
   1.4299999680370092       0.99999179658993231     
   1.4399999678134918       0.99999445904485518     
   1.4499999675899744       0.99999662182519300     
   1.4599999673664570       0.99999826936593572     
   1.4699999671429396       0.99999938981012870     
   1.4799999669194221       0.99999997509420335     
   1.4899999666959047        1.0000000210060107     
   1.4999999664723873       0.99999952721513619     
   1.5099999662488699       0.99999849727527212     
   1.5199999660253525       0.99999693859864891     
   1.5299999658018351       0.99999486240268820     
   1.5399999655783176       0.99999228362927339     
   1.5499999653548002       0.99998922083721775     
   1.5599999651312828       0.99998569606869958     
   1.5699999649077654       0.99998173469063190     
   1.5799999646842480       0.99997736521210068     
   1.5899999644607306       0.99997261907919344     
   1.5999999642372131       0.99996753044868925     
   1.6099999640136957       0.99996213594223893     
   1.6199999637901783       0.99995647438281055     
   1.6299999635666609       0.99995058651528690     
   1.6399999633431435       0.99994451471323642     
   1.6499999631196260       0.99993830267396078     
   1.6599999628961086       0.99993199510401398     
   1.6699999626725912       0.99992563739746165     
   1.6799999624490738       0.99991927530919178     
   1.6899999622255564       0.99991295462562491     
   1.6999999620020390       0.99990672083520282     
   1.7099999617785215       0.99990061880101799     
   1.7199999615550041       0.99989469243794504     
   1.7299999613314867       0.99988898439659513     
   1.7399999611079693       0.99988353575637101     
   1.7499999608844519       0.99987838572982790     
   1.7599999606609344       0.99987357138046995     
   1.7699999604374170       0.99986912735601285     
   1.7799999602138996       0.99986508563903365     
   1.7899999599903822       0.99986147531679803     
   1.7999999597668648       0.99985832237192873     
   1.8099999595433474       0.99985564949541195     
   1.8199999593198299       0.99985347592329854     
   1.8299999590963125       0.99985181729826500     
   1.8399999588727951       0.99985068555703693     
   1.8499999586492777       0.99985008884448445     
   1.8599999584257603       0.99985003145500484     
   1.8699999582022429       0.99985051380161538     
   1.8799999579787254       0.99985153241298463     
   1.8899999577552080       0.99985307995841011     
   1.8999999575316906       0.99985514530058006     
   1.9099999573081732       0.99985771357572151     
   1.9199999570846558       0.99986076630057652     
   1.9299999568611383       0.99986428150541706     
   1.9399999566376209       0.99986823389215806     
   1.9499999564141035       0.99987259501642156     
   1.9599999561905861       0.99987733349224361     
   1.9699999559670687       0.99988241521795174     
   1.9799999557435513       0.99988780362158636     
   1.9899999555200338       0.99989345992410150     
   1.9999999552965164       0.99989934341844566     
   2.0099999550729990       0.99990541176252357     
   2.0199999548494816       0.99991162128392030     
   2.0299999546259642       0.99991792729420204     
   2.0399999544024467       0.99992428441052694     
   2.0499999541789293       0.99993064688225619     
   2.0599999539554119       0.99993696892020845     
   2.0699999537318945       0.99994320502619549     
   2.0799999535083771       0.99994931032045942     
   2.0899999532848597       0.99995524086466481     
   2.0999999530613422       0.99996095397810880     
   2.1099999528378248       0.99996640854488672     
   2.1199999526143074       0.99997156530979059     
   2.1299999523907900       0.99997638716082249     
   2.1399999521672726       0.99998083939627902     
   2.1499999519437551       0.99998488997449042     
   2.1599999517202377       0.99998850974441855     
   2.1699999514967203       0.99999167265544819     
   2.1799999512732029       0.99999435594486874     
   2.1899999510496855       0.99999654030169027     
   2.1999999508261681       0.99999821000562183     
   2.2099999506026506       0.99999935304020482     
   2.2199999503791332       0.99999996117929457     
   2.2299999501556158        1.0000000300462595     
   2.2399999499320984       0.99999955914548111     
   2.2499999497085810       0.99999855186591868     
   2.2599999494850636       0.99999701545672148     
   2.2699999492615461       0.99999496097505791     
   2.2799999490380287       0.99999240320653848     
   2.2899999488145113       0.99998936055880883     
   2.2999999485909939       0.99998585492907432     
   2.3099999483674765       0.99998191154651006     
   2.3199999481439590       0.99997755879069283     
   2.3299999479204416       0.99997282798736165     
   2.3399999476969242       0.99996775318297115     
   2.3499999474734068       0.99996237089966966     
   2.3599999472498894       0.99995671987245771     
   2.3699999470263720       0.99995084077042029     
   2.3799999468028545       0.99994477590404374     
   2.3899999465793371       0.99993856892071398     
   2.3999999463558197       0.99993226449059913     
   2.4099999461323023       0.99992590798516900     
   2.4199999459087849       0.99991954515066617     
   2.4299999456852674       0.99991322177888231     
   2.4399999454617500       0.99990698337760520     
   2.4499999452382326       0.99990087484311130     
   2.4599999450147152       0.99989494013705527     
   2.4699999447911978       0.99988922197009145     
   2.4799999445676804       0.99988376149449443     
   2.4899999443441629       0.99987859800799528     
   2.4999999441206455       0.99987376867096578     
   2.5099999438971281       0.99986930823898490     
   2.5199999436736107       0.99986524881271099     
   2.5299999434500933       0.99986161960685882     
   2.5399999432265759       0.99985844673995217     
   2.5499999430030584       0.99985575304635121     
   2.5599999427795410       0.99985355791192265     
   2.5699999425560236       0.99985187713452151     
   2.5799999423325062       0.99985072281029874     
   2.5899999421089888       0.99985010324664836     
   2.5999999418854713       0.99985002290242164     
   2.6099999416619539       0.99985048235583707     
   2.6199999414384365       0.99985147830031817     
   2.6299999412149191       0.99985300356829132     
   2.6399999409914017       0.99985504718277007     
   2.6499999407678843       0.99985759443635147     
   2.6599999405443668       0.99986062699706357     
   2.6699999403208494       0.99986412304029437     
   2.6799999400973320       0.99986805740586149     
   2.6899999398738146       0.99987240177908043     
   2.6999999396502972       0.99987712489454028     
   2.7099999394267797       0.99988219276111423     
   2.7199999392032623       0.99988756890658337     
   2.7299999389797449       0.99989321464012015     
   2.7399999387562275       0.99989908933073623     
   2.7499999385327101       0.99990515069969410     
   2.7599999383091927       0.99991135512477725     
   2.7699999380856752       0.99991765795422882     
   2.7799999378621578       0.99992401382809881     
   2.7899999376386404       0.99993037700468967     
   2.7999999374151230       0.99993670168974758     
   2.8099999371916056       0.99994294236603343     
   2.8199999369680882       0.99994905412089885     
   2.8299999367445707       0.99995499296951196     
   2.8399999365210533       0.99996071617140581     
   2.8499999362975359       0.99996618253807101     
   2.8599999360740185       0.99997135272937943     
   2.8699999358505011       0.99997618953670608     
   2.8799999356269836       0.99998065815071036     
   2.8899999354034662       0.99998472641185032     
   2.8999999351799488       0.99998836504182786     
   2.9099999349564314       0.99999154785429756     
   2.9199999347329140       0.99999425194332181     
   2.9299999345093966       0.99999645784822111     
   2.9399999342858791       0.99999814969362821     
   2.9499999340623617       0.99999931530373809     
   2.9599999338388443       0.99999994628993427     
   2.9699999336153269        1.0000000381111613     
   2.9799999333918095       0.99999959010660322     
   2.9899999331682920       0.99999860550044162     
   2.9999999329447746       0.99999709137865089     
   3.0099999327212572       0.99999505863800131     
   3.0199999324977398       0.99999252190763899     
   3.0299999322742224       0.99998949944380378     
   3.0399999320507050       0.99998601299844203     
   3.0499999318271875       0.99998208766266272     
   3.0599999316036701       0.99997775168616510     
   3.0699999313801527       0.99997303627393053     
   3.0799999311566353       0.99996797536164861     
   3.0899999309331179       0.99996260537148918     
   3.0999999307096004       0.99995696494998221     
   3.1099999304860830       0.99995109468988519     
   3.1199999302625656       0.99994503683805158     
   3.1299999300390482       0.99993883499138547     
   3.1399999298155308       0.99993253378308744     
   3.1499999295920134       0.99992617856144062     
   3.1599999293684959       0.99991981506344862     
   3.1699999291449785       0.99991348908567823     
   3.1799999289214611       0.99990724615467175     
   3.1899999286979437       0.99990113119930479     
   3.1999999284744263       0.99989518822744150     
   3.2099999282509089       0.99988946000922385     
   3.2199999280273914       0.99988398776926224     
   3.2299999278038740       0.99987881088995334     
   3.2399999275803566       0.99987396662805406     
   3.2499999273568392       0.99986948984655366     
   3.2599999271333218       0.99986541276377383     
   3.2699999269098043       0.99986176472149968     
   3.2799999266862869       0.99985857197381578     
   3.2899999264627695       0.99985585749815931     
   3.2999999262392521       0.99985364082996064     
   3.3099999260157347       0.99985193792204852     
   3.3199999257922173       0.99985076102984116     
   3.3299999255686998       0.99985011862314943     
   3.3399999253451824       0.99985001532522066     
   3.3499999251216650       0.99985045187946453     
   3.3599999248981476       0.99985142514410508     
   3.3699999246746302       0.99985292811479143     
   3.3799999244511127       0.99985494997500290     
   3.3899999242275953       0.99985747617389875     
   3.3999999240040779       0.99986048853103104     
   3.4099999237805605       0.99986396536718958     
   3.4199999235570431       0.99986788166041984     
   3.4299999233335257       0.99987220922609965     
   3.4399999231100082       0.99987691691977787     
   3.4499999228864908       0.99988197086131436     
   3.4599999226629734       0.99988733467870605     
   3.4699999224394560       0.99989296976984687     
   3.4799999222159386       0.99989883558033921     
   3.4899999219924212       0.99990488989535453     
   3.4999999217689037       0.99991108914344140     
   3.5099999215453863       0.99991738871010016     
   3.5199999213218689       0.99992374325886269     
   3.5299999210983515       0.99993010705756802     
   3.5399999208748341       0.99993643430748491     
   3.5499999206513166       0.99994267947291582     
   3.5599999204277992       0.99994879760890487     
   3.5699999202042818       0.99995474468469681     
   3.5799999199807644       0.99996047790061582     
   3.5899999197572470       0.99996595599608373     
   3.5999999195337296       0.99997113954656303     
   3.6099999193102121       0.99997599124728609     
   3.6199999190866947       0.99998047618172858     
   3.6299999188631773       0.99998456207289343     
   3.6399999186396599       0.99998821951560357     
   3.6499999184161425       0.99999142218812298     
   3.6599999181926250       0.99999414704158651     
   3.6699999179691076       0.99999637446587808     
   3.6799999177455902       0.99999808843075977     
   3.6899999175220728       0.99999927660123844     
   3.6999999172985554       0.99999993042633661     
   3.7099999170750380        1.0000000452006317     
   3.7199999168515205       0.99999962009812082     
   3.7299999166280031       0.99999865817816436     
   3.7399999164044857       0.99999716636346980     
   3.7499999161809683       0.99999515539026840     
   3.7599999159574509       0.99999263973105235     
   3.7699999157339334       0.99998963749041636     
   3.7799999155104160       0.99998617027476444     
   3.7899999152868986       0.99998226303681603     
   3.7999999150633812       0.99997794389602312     
   3.8099999148398638       0.99997324393620524     
   3.8199999146163464       0.99996819698184447     
   3.8299999143928289       0.99996283935465879     
   3.8399999141693115       0.99995720961220436     
   3.8499999139457941       0.99995134827038556     
   3.8599999137222767       0.99994529751187200     
   3.8699999134987593       0.99993910088251892     
   3.8799999132752419       0.99993280297797948     
   3.8899999130517244       0.99992644912276041     
   3.8999999128282070       0.99992008504403118     
   3.9099999126046896       0.99991375654253811     
   3.9199999123811722       0.99990750916298654     
   3.9299999121576548       0.99990138786626614     
   3.9399999119341373       0.99989543670587999     
   3.9499999117106199       0.99988969851089937     
   3.9599999114871025       0.99988421457773569     
   3.9699999112635851       0.99987902437293852     
   3.9799999110400677       0.99987416524916561     
   3.9899999108165503       0.99986967217636291     
   3.9999999105930328       0.99986557749009686     
   4.0099999103695154        1.0034614196552161     
   4.0199999101459980        1.0106571986717199     
   4.0299999099224806        1.0214529145396085     
   4.0399999096989632        1.0358485672588822     
   4.0499999094754457        1.0538441568295402     
   4.0599999092519283        1.0754396832515838     
   4.0699999090284109        1.1006351465250117     
   4.0799999088048935        1.1294305466498247     
   4.0899999085813761        1.1618258836260222     
   4.0999999083578587        1.1978211574536051     
   4.1099999081343412        1.2374163681325727     
   4.1199999079108238        1.2806115156629256     
   4.1299999076873064        1.3274066000446623     
   4.1399999074637890        1.3778016212777850     
   4.1499999072402716        1.4317965793622924     
   4.1599999070167542        1.4893914742981842     
   4.1699999067932367        1.5505863060854617     
   4.1799999065697193        1.6153810747241231     
   4.1899999063462019        1.6837757802141704     
   4.1999999061226845        1.7557704225556019     
   4.2099999058991671        1.8313650017484182     
   4.2199999056756496        1.9105595177926202     
   4.2299999054521322        1.9933539706882062     
   4.2399999052286148        2.0797483604351776     
   4.2499999050050974        2.1697426870335335     
   4.2599999047815800        2.2633369504832745     
   4.2699999045580626        2.3605311507844000     
   4.2799999043345451        2.4613252879369107     
   4.2899999041110277        2.5657193619408067     
   4.2999999038875103        2.6737133727960867     
   4.3099999036639929        2.7853073205027523     
   4.3199999034404755        2.9005012050608023     
   4.3299999032169580        3.0192950264702376     
   4.3399999029934406        3.1416887847310582     
   4.3499999027699232        3.2676824798432635     
   4.3599999025464058        3.3972761118068528     
   4.3699999023228884        3.5304696806218270     
   4.3799999020993710        3.6672631862881873     
   4.3899999018758535        3.8076566288059324     
   4.3999999016523361        3.9516500081750605     
   4.4099999014288187        4.0992433243955748     
   4.4199999012053013        4.2504365774674735     
   4.4299999009817839        4.4052297673907583     
   4.4399999007582664        4.5636228941654267     
   4.4499999005347490        4.7256159577914802     
   4.4599999003112316        4.8912089582689200     
   4.4699999000877142        5.0604018955977432     
   4.4799998998641968        5.2331947697779517     
   4.4899998996406794        5.4095875808095446     
   4.4999998994171619        5.5895803286925245     
   4.5099998991936445        5.7731730134268870     
   4.5199998989701271        5.9603656350126348     
   4.5299998987466097        6.1511581934497679     
   4.5399998985230923        6.3455506887382827     
   4.5499998982995749        6.5435431208781871     
   4.5599998980760574        6.7451354898694751     
   4.5699998978525400        6.9503277957121457     
   4.5799998976290226        7.1591200384062050     
   4.5899998974055052        7.3715122179516488     
   4.5999998971819878        7.5875043343484787     
   4.6099998969584703        7.8070963875966912     
   4.6199998967349529        8.0302883776962872     
   4.6299998965114355        8.2570803046472712     
   4.6399998962879181        8.4874721684496386     
   4.6499998960644007        8.7214639691033913     
   4.6599998958408833        8.9590557066085275     
   4.6699998956173658        9.2002473809650525     
   4.6799998953938484        9.4450389921729574     
   4.6899998951703310        9.6934305402322494     
   4.6999998949468136        9.9454220251429302     
   4.7099998947232962        10.201013446904991     
   4.7199998944997787        10.460204805518440     
   4.7299998942762613        10.722996100983270     
   4.7399998940527439        10.989387333299485     
   4.7499998938292265        11.259378502467090     
   4.7599998936057091        11.532969608486074     
   4.7699998933821917        11.810160651356448     
   4.7799998931586742        12.090951631078203     
   4.7899998929351568        12.375342547651346     
   4.7999998927116394        12.663333401075874     
   4.8099998924881220        12.954924191351783     
   4.8199998922646046        13.250114918479079     
   4.8299998920410872        13.548905582457760     
   4.8399998918175697        13.851296183287825     
   4.8499998915940523        14.157286720969276     
   4.8599998913705349        14.466877195502114     
   4.8699998911470175        14.780067606886332     
   4.8799998909235001        15.096857955121941     
   4.8899998906999826        15.417248240208931     
   4.8999998904764652        15.741238462147308     
   4.9099998902529478        16.068828620937069     
   4.9199998900294304        16.400018716578213     
   4.9299998898059130        16.734808749070744     
   4.9399998895823956        17.073198718414659     
   4.9499998893588781        17.415188624609954     
   4.9599998891353607        17.760778467656642     
   4.9699998889118433        18.109968247554715     
   4.9799998886883259        18.462757964304171     
   4.9899998884648085        18.819147617905013     
   4.9999998882412910        19.179137208357229     
   5.0099998880177736        19.542726735660853     
   5.0199998877942562        19.838968002700472     
   5.0299998875707388        20.065729032228980     
   5.0399998873472214        20.221377879580707     
   5.0499998871237040        20.304794377385242     
   5.0599998869001865        20.315378197143044     
   5.0699998866766691        20.253053169645330     
   5.0799998864531517        20.118267833145673     
   5.0899998862296343        19.911992205337896     
   5.0999998860061169        19.635710802371687     
   5.1099998857825994        19.291411955146447     
   5.1199998855590820        18.881573499771385     
   5.1299998853355646        18.409144945174102     
   5.1399998851120472        17.877526246193352     
   5.1499998848885298        17.290543334920585     
   5.1599998846650124        16.652420586385695     
   5.1699998844414949        15.967750416744430     
   5.1799998842179775        15.241460232762455     
   5.1899998839944601        14.478776970452257     
   5.1999998837709427        13.685189478070106     
   5.2099998835474253        12.866409014193456     
   5.2199998833239079        12.028328145164728     
   5.2299998831003904        11.176978337706618     
   5.2399998828768730        10.318486551904734     
   5.2499998826533556        9.4590311469474528     
   5.2599998824298382        8.6047974169587782     
   5.2699998822063208        7.7619330769221007     
   5.2799998819828033        6.9365040190520588     
   5.2899998817592859        6.1344506580251750     
   5.2999998815357685        5.3615451792421904     
   5.3099998813122511        4.6233499977961410     
   5.3199998810887337        3.9251777271069042     
   5.3299998808652163        3.2720529453184120     
   5.3399998806416988        2.6686760346165568     
   5.3499998804181814        2.1193893537075552     
   5.3599998801946640        1.6281459869052881     
   5.3699998799711466        1.1984812947329531     
   5.3799998797476292       0.83348747078250685     
   5.3899998795241117       0.53579128794007580     
   5.3999998793005943       0.30753519413239427     
   5.4099998790770769       0.15036189364365446     
   5.4199998788535595        6.5402524967319478E-002
   5.4299998786300421        5.3268520274065367E-002
   5.4399998784065247       0.11404720508130324     
   5.4499998781830072       0.24730116979240477     
   5.4599998779594898       0.45207141762851094     
   5.4699998777359724       0.72688426629801661     
   5.4799998775124550        1.0697619537340708     
   5.4899998772889376        1.4782368715731504     
   5.4999998770654202        1.9493693239397767     
   5.5099998768419027        2.4797686837316721     
   5.5199998766183853        3.0656177941486464     
   5.5299998763948679        3.7027004398532797     
   5.5399998761713505        4.3864316900600393     
   5.5499998759478331        5.1118908951809434     
   5.5599998757243156        5.8738570995587720     
   5.5699998755007982        6.6668466154309778     
   5.5799998752772808        7.4851524877134210     
   5.5899998750537634        8.3228855655853913     
   5.5999998748302460        9.1740168852936250     
   5.6099998746067286        10.032421059156368     
   5.6199998743832111        10.891920358507324     
   5.6299998741596937        11.746329173325091     
   5.6399998739361763        12.589498528582798     
   5.6499998737126589        13.415360336944531     
   5.6599998734891415        14.217971069332421     
   5.6699998732656240        14.991554529077904     
   5.6799998730421066        15.730543421821796     
   5.6899998728185892        16.429619421994648     
   5.6999998725950718        17.083751447528492     
   5.7099998723715544        17.688231867346126     
   5.7199998721480370        18.238710381051273     
   5.7299998719245195        18.731225326995659     
   5.7399998717010021        19.162232193406425     
   5.7499998714774847        19.528629127385983     
   5.7599998712539673        19.827779258202327     
   5.7699998710304499        20.057529674214351     
   5.7799998708069324        20.216226916859895     
   5.7899998705834150        20.302728880199808     
   5.7999998703598976        20.316413030380115     
   5.8099998701363802        20.257180885858656     
   5.8199998699128628        20.125458726153067     
   5.8299998696893454        19.922194524009495     
   5.8399998694658279        19.648851123070425     
   5.8499998692423105        19.307395710140337     
   5.8599998690187931        18.900285657814720     
   5.8699998687952757        18.430450839359775     
   5.8799998685717583        17.901272543118182     
   5.8899998683482409        17.316559138189046     
   5.8999998681247234        16.680518666510164     
   5.9099998679012060        15.997728558590909     
   5.9199998676776886        15.273102690844274     
   5.9299998674541712        14.511856021598540     
   5.9399998672306538        13.719467060294731     
   5.9499998670071363        12.901638439970011     
   5.9599998667836189        12.064255876777358     
   5.9699998665601015        11.213345811900087     
   5.9799998663365841        10.355032040702079     
   5.9899998661130667        9.4954916412433565     
   5.9999998658895493        8.6409105193329392     
   6.0099998656660318        7.7974388900504401     
   6.0199998654425144        6.9711470161253404     
   6.0299998652189970        6.1679815217140739     
   6.0399998649954796        5.3937225959742436     
   6.0499998647719622        4.6539423944315539     
   6.0599998645484447        3.9539649375148285     
   6.0699998643249273        3.2988277948597000     
   6.0799998641014099        2.6932458311298926     
   6.0899998638778925        2.1415772742686485     
   6.0999998636543751        1.6477923503789935     
   6.1099998634308577        1.2154447109600481     
   6.1199998632073402       0.84764585813070781     
   6.1299998629838228       0.54704275189622409     
   6.1399998627603054       0.31579876061279388     
   6.1499998625367880       0.15557809174510384     
   6.1599998623132706        6.7533814964918157E-002
   6.1699998620897532        5.2299563785597795E-002
   6.1799998618662357       0.10998497545389159     
   6.1899998616427183       0.24017490191700447     
   6.1999998614192009       0.44193239754342228     
   6.2099998611956835       0.71380546209558493     
   6.2199998609721661        1.0538374904268515     
   6.2299998607486486        1.4595813536988005     
   6.2399998605251312        1.9281170107797247     
   6.2499998603016138        2.4560725230793135     
   6.2599998600780964        3.0396483215808137     
   6.2699998598545790        3.6746445514266473     
   6.2799998596310616        4.3564912972651078     
   6.2899998594075441        5.0802814718335174     
   6.2999998591840267        5.8408061310866826     
   6.3099998589605093        6.6325919617160798     
   6.3199998587369919        7.4499406712711576     
   6.3299998585134745        8.2869699974014654     
   6.3399998582899570        9.1376560410859931     
   6.3499998580664396        9.9958766191875856     
   6.3599998578429222        10.855455324334535     
   6.3699998576194048        11.710205975041001     
   6.3799998573958874        12.553977136169333     
   6.3899998571723700        13.380696389331295     
   6.3999998569488525        14.184414034624750     
   6.4099998567253351        14.959345909194791     
   6.4199998565018177        15.699915014464628     
   6.4299998562783003        16.400791652454782     
   6.4399998560547829        17.056931782339415     
   6.4499998558312654        17.663613321196603     
   6.4599998556077480        18.216470127705012     
   6.4699998553842306        18.711523424214302     
   6.4799998551607132        19.145210431052249     
   6.4899998549371958        19.514410006994336     
   6.4999998547136784        19.816465111367485     
   6.5099998544901609        20.049201926133655     
   6.5199998542666435        20.210945500336098     
   6.5299998540431261        20.300531804319128     
   6.5399998538196087        20.317316106969972     
   6.5499998535960913        20.261177615693732     
   6.5599998533725739        20.132520345728690     
   6.5699998531490564        19.932270212545653     
   6.5799998529255390        19.661868368256716     
   6.5899998527020216        19.323260829989646     
   6.5999998524785042        18.918884474870008     
   6.6099998522549868        18.451649502401807     
   6.6199998520314693        17.924918490460570     
   6.6299998518079519        17.342482195628087     
   6.6399998515844345        16.708532272027718     
   6.6499998513609171        16.027631104996416     
   6.6599998511373997        15.304678976693307     
   6.6699998509138823        14.544878799945892     
   6.6799998506903648        13.753698674136109     
   6.6899998504668474        12.936832532602391     
   6.6999998502433300        12.100159164769057     
   6.7099998500198126        11.249699907910742     
   6.7199998497962952        10.391575313034286     
   6.7299998495727777        9.5319610967431725     
   6.7399998493492603        8.6770436960884219     
   6.7499998491257429        7.8329757462670191     
   6.7599998489022255        7.0058318015841268     
   6.7699998486787081        6.2015646183447686     
   6.7799998484551907        5.4259623142964433     
   6.7899998482316732        4.6846067129358850     
   6.7999998480081558        3.9828331724660240     
   6.8099998477846384        3.3256921885044401     
   6.8199998475611210        2.7179130468794508     
   6.8299998473376036        2.1638697880958904     
   6.8399998471140862        1.6675497284161593     
   6.8499998468905687        1.2325247641027643     
   6.8599998466670513       0.86192566533882398     
   6.8699998464435339       0.55841954482701084     
   6.8799998462200165       0.32419066322002660     
   6.8899998459964991       0.16092470952129964     
   6.8999998457729816        6.9796669586101645E-002
   6.9099998455494642        5.1462370030556523E-002
   6.9199998453259468       0.10605375840500189     
   6.9299998451024294       0.23317795359916069     
   6.9399998448789120       0.43192007331312859     
   6.9499998446553946       0.70084981824554959     
   6.9599998444318771        1.0380317656141540     
   6.9699998442083597        1.4410392979286719     
   6.9799998439848423        1.9069720667740804     
   6.9899998437613249        2.4324768659215330     
   6.9999998435378075        3.0137717635482142     
   7.0099998433142900        3.6466733198923151     
   7.0199998430907726        4.3266266944642160     
   7.0299998428672552        5.0487384261394919     
   7.0399998426437378        5.8078116502233215     
   7.0499998424202204        6.5983834990374843     
   7.0599998421967030        7.4147644168669755     
   7.0699998419731855        8.2510791063259532     
   7.0799998417496681        9.1013088114618839     
   7.0899998415261507        9.9593346332965389     
   7.0999998413026333        10.818981566072297     
   7.1099998410791159        11.674062937285454     
   7.1199998408555984        12.518424931682311     
   7.1299998406320810        13.345990878789500     
   7.1399998404085636        14.150804985251913     
   7.1499998401850462        14.927075197246978     
   7.1599998399615288        15.669214884504889     
   7.1699998397380114        16.371883045944834     
   7.1799998395144939        17.030022747576979     
   7.1899998392909765        17.638897516041812     
   7.1999998390674591        18.194125425871281     
   7.2099998388439417        18.691710635153939     
   7.2199998386204243        19.128072142649447     
   7.2299998383969069        19.500069559394440     
   7.2399998381733894        19.805025709327555     
   7.2499998379498720        20.040745896282630     
   7.2599998377263546        20.205533698689834     
   7.2699998375028372        20.298203178314253     
   7.2799998372793198        20.318087415168552     
   7.2899998370558023        20.265043307175912     
   7.2999998368322849        20.139452600041345     
   7.3099998366087675        19.942219139919484     
   7.3199998363852501        19.674762368650981     
   7.3299998361617327        19.339007108380404     
   7.3399998359382153        18.937369709073653     
   7.3499998357146978        18.472740658627586     
   7.3599998354911804        17.948463780722829     
   7.3699998352676630        17.368312170127982     
   7.3799998350441456        16.736461038642634     
   7.3899998348206282        16.057457667101023     
   7.3999998345971107        15.336188679683927     
   7.4099998343735933        14.577844876058148     
   7.4199998341500759        13.787883874438080     
   7.4299998339265585        12.971990834418163     
   7.4399998337030411        12.136037542244837     
   7.4499998334795237        11.286040152981169     
   7.4599998332560062        10.428115893683852     
   7.4699998330324888        9.5684390391893235     
   7.4799998328089714        8.7131964773407109     
   7.4899998325854540        7.8685431834420045     
   7.4999998323619366        7.0405579243791099     
   7.5099998321384192        6.2351995111945735     
   7.5199998319149017        5.4582639149557197     
   7.5299998316913843        4.7153425545429402     
   7.5399998314678669        4.0117820565509996     
   7.5499998312443495        3.3526457769015696     
   7.5599998310208321        2.7426773610868009     
   7.5699998307973146        2.1862666052920456     
   7.5799998305737972        1.6874178640870652     
   7.5899998303502798        1.2497212320479596     
   7.5999998301267624       0.87632670670878476     
   7.6099998299032450       0.56992151878586539     
   7.6199998296797276       0.33271079282375654     
   7.6299998294562101       0.16640167744352613     
   7.6399998292326927        7.2191059404156127E-002
   7.6499998290091753        5.0756949896007139E-002
   7.6599998287856579       0.10225360505712787     
   7.6699998285621405       0.22631041582887929     
   7.6799998283386230       0.42203457514031550     
   7.6899998281151056       0.68801750322623811     
   7.6999998278915882        1.0223449848374511     
   7.7099998276680708        1.4226109453881495     
   7.7199998274445534        1.8859347668968176     
   7.7299998272210360        2.4089820191019724     
   7.7399998269975185        2.9879884565558825     
   7.7499998267740011        3.6187871089949573     
   7.7599998265504837        4.2968382700239012     
   7.7699998263269663        5.0172621682922820     
   7.7799998261034489        5.7748740860369185     
   7.7899998258799314        6.5642216722503433     
   7.7999998256564140        7.3796241819414350     
   7.8099998254328966        8.2152133590927274     
   7.8199998252093792        9.0649756690895167     
   7.8299998249858618        9.9227955766841252     
   7.8399998247623444        10.782499558034266     
   7.8499998245388269        11.637900530071343     
   7.8599998243153095        12.482842377451286     
   7.8699998240917921        13.311244256638091     
   7.8799998238682747        14.117144358274238     
   7.8899998236447573        14.894742812890730     
   7.8999998234212399        15.638443431174633     
   7.9099998231977224        16.342893978399442     
   7.9199998229742050        17.003024693172943     
   7.9299998227506876        17.614084773292237     
   7.9399998225271702        18.171676566126163     
   7.9499998223036528        18.671787217465063     
   7.9599998220801353        19.110817551068678     
   7.9699998218566179        19.485607971073133     
   7.9799998216331005        19.793461200843460     
   7.9899998214095831        20.032161694625728     
   7.9999998211860657        20.199991582297677     
   8.0099998209625483        20.295743032467406     
   8.0199998207390308        20.318726944945784     
   8.0299998205155134        20.268777910035023     
   8.0399998202919960        20.146255398942543     
   8.0499998200684786        19.952041176752996     
   8.0599998198449612        19.687532956576781     
   8.0699998196214437        19.354634340544461     
   8.0799998193979263        18.955741120039452     
   8.0899998191744089        18.493724033762877     
   8.0999998189508915        17.971908107716605     
   8.1099998187273741        17.394048725789744     
   8.1199998185038567        16.764304603162746     
   8.1299998182803392        16.087207857033153     
   8.1399998180568218        15.367631390056582     
   8.1499998178333044        14.610753821236754     
   8.1599998176097870        13.822022216648294     
   8.1699998173862696        13.007112888210518     
   8.1799998171627522        12.171890542633861     
   8.1899998169392347        11.322366074534298     
   8.1999998167157173        10.464653307468488     
   8.2099998164921999        9.6049249942140840     
   8.2199998162686825        8.7493683929505348     
   8.2299998160451651        7.9041407390480813     
   8.2399998158216476        7.0753249329236292     
   8.2499998155981302        6.2688857628674359     
   8.2599998153746128        5.4906269778944585     
   8.2699998151510954        4.7461495195566057     
   8.2799998149275780        4.0408112133116560     
   8.2899998147040606        3.3796882095402849     
   8.2999998144805431        2.7675384517109731     
   8.3099998142570257        2.2087674346036312     
   8.3199998140335083        1.7073964990217974     
   8.3299998138099909        1.2670338911687182     
   8.3399998135864735       0.89084879496606151     
   8.3499998133629560       0.58154852419841352     
   8.3599998131394386       0.34135903862621664     
   8.3699998129159212       0.17200892428800915     
   8.3799998126924038        7.4716953281881021E-002
   8.3899998124688864        5.0183312555409976E-002
   8.3999998122453690        9.8584564828372301E-002
   8.4099998120218515       0.21957237791325571     
   8.4199998117983341       0.41227603157834969     
   8.4299998115748167       0.67530868391212218     
   8.4399998113512993        1.0067773520913632     
   8.4499998111277819        1.4042965357239023     
   8.4599998109042645        1.8650053847219792     
   8.4699998106807470        2.3855882881531993     
   8.4799998104572296        2.9622987358960686     
   8.4899998102337122        3.5909862813734894     
   8.4999998100101948        4.2671264113199214     
   8.5099998097866774        4.9858531076166370     
   8.5199998095631599        5.7419938668554105     
   8.5299998093396425        6.5301069256031923     
   8.5399998091161251        7.3445204234665198     
   8.5499998088926077        8.1793732221085182     
   8.5599998086690903        9.0286570864537374     
   8.5699998084455729        9.8862599245129523     
   8.5799998082220554        10.746009774641173     
   8.5899998079985380        11.601719223663231     
   8.5999998077750206        12.447229936200285     
   8.6099998075515032        13.276456974730426     
   8.6199998073279858        14.083432591422527     
   8.6299998071044683        14.862349176584061     
   8.6399998068809509        15.607601054633134     
   8.6499998066574335        16.313824826799319     
   8.6599998064339161        16.975937970216361     
   8.6699998062103987        17.589175415618591     
   8.6799998059868813        18.149123840399863     
   8.6899998057633638        18.651753430236401     
   8.6999998055398464        19.093446880692589     
   8.7099998053163290        19.471025430092194     
   8.7199998050928116        19.781771736302662     
   8.7299998048692942        20.023449432793768     
   8.7399998046457767        20.194319223230433     
   8.7499998044222593        20.293151398770693     
   8.7599998041987419        20.319234687984860     
   8.7699998039752245        20.272381375705184     
   8.7799998037517071        20.152928653966836     
   8.7899998035281897        19.961736195317815     
   8.7999998033046722        19.700179965962082     
   8.8099998030811548        19.370142323261270     
   8.8199998028576374        18.973998468860898     
   8.8299998026341200        18.514599354934571     
   8.8399998024106026        17.995251166565946     
   8.8499998021870852        17.419691527928766     
   8.8599998019635677        16.792062603503400     
   8.8699998017400503        16.116881287913934     
   8.8799998015165329        15.399006698922459     
   8.8899998012930155        14.643605207525590     
   8.8999998010694981        13.856113256823278     
   8.9099998008459806        13.042198237243552     
   8.9199998006224632        12.207717699694815     
   8.9299998003989458        11.358677200178837     
   8.9399998001754284        10.501187079246616     
   8.9499997999519110        9.6414184873450530     
   8.9599997997283936        8.7855589725293548     
   8.9699997995048761        7.9397679501658400     
   8.9799997992813587        7.1101323750989120     
   8.9899997990578413        6.3026229352990306     
   8.9999997988343239        5.5230510822554182     
   9.0099997986108065        4.7770272073555216     
   9.0199997983872890        4.0699202652456981     
   9.0299997981637716        3.4068191347541448     
   9.0399997979402542        2.7924959954522373     
   9.0499997977167368        2.2313719834243413     
   9.0599997974932194        1.7274853734132898     
   9.0699997972697020        1.2844625163269783     
   9.0799997970461845       0.90549174126186194     
   9.0899997968226671       0.59330040986423216     
   9.0999997965991497       0.35013528816350437     
   9.1099997963756323       0.17774637713674143     
   9.1199997961521149        7.7374318371936771E-002
   9.1299997959285975        4.9741465468486748E-002
   9.1399997957050800        9.5046685431831188E-002
   9.1499997954815626       0.21296392747537973     
   9.1599997952580452       0.40264456952971150     
   9.1699997950345278       0.66272352557178482     
   9.1799997948110104       0.99132906982117686     
   9.1899997945874929        1.3860963071009709     
   9.1999997943639755        1.8441841924203402     
   9.2099997941404581        2.3622959772929777     
   9.2199997939169407        2.9367029356441390     
   9.2299997936934233        3.5632711985566208     
   9.2399997934699059        4.2374915047324899     
   9.2499997932463884        4.9545116525635935     
   9.2599997930228710        5.7091714202611259     
   9.2699997927993536        6.4960397027324488     
   9.2799997925758362        7.3094535979400019     
   9.2899997923523188        8.1435591614471221     
   9.2999997921288013        8.9923535358501656     
   9.3099997919052839        9.8497281519014486     
   9.3199997916817665        10.709512690414963     
   9.3299997914582491        11.565519488571551     
   9.3399997912347317        12.411588071042084     
   9.3499997910112143        13.241629485448717     
   9.3599997907876968        14.049670123092756     
   9.3699997905641794        14.829894709581653     
   9.3799997903406620        15.576688155962151     
   9.3899997901171446        16.284675969166774     
   9.3999997898936272        16.948762930949627     
   9.4099997896701097        17.564169766948311     
   9.4199997894465923        18.126467541973625     
   9.4299997892230749        18.631609533992332     
   9.4399997889995575        19.075960357413784     
   9.4499997887760401        19.456322126086739     
   9.4599997885525227        19.769957467718012     
   9.4699997883290052        20.014609224083365     
   9.4799997881054878        20.188516695253103     
   9.4899997878819704        20.290428310926622     
   9.4999997876584530        20.319610637683223     
   9.5099997874349356        20.275853657326312     
   9.5199997872114182        20.159472278333876     
   9.5299997869879007        19.971304069537847     
   9.5399997867643833        19.712703232342374     
   9.5499997865408659        19.385530854861557     
   9.5599997863173485        18.992141518115286     
   9.5699997860938311        18.535366350675208     
   9.5799997858703136        18.018492653712343     
   9.5899997856467962        17.445240243080114     
   9.5999997854232788        16.819734678693081     
   9.6099997851997614        16.146477573863134     
   9.6199997849762440        15.430314198269697     
   9.6299997847527266        14.676398607717550     
   9.6399997845292091        13.890156551635153     
   9.6499997843056917        13.077246425259158     
   9.6599997840821743        12.243518547522946     
   9.6699997838586569        11.394973057716374     
   9.6799997836351395        10.537716733924468     
   9.6899997834116220        9.6779190440122616     
   9.6999997831881046        8.8217677454463477     
   9.7099997829645872        7.9754243534906202     
   9.7199997827410698        7.1449797982607715     
   9.7299997825175524        6.3364105897631831     
   9.7399997822940350        5.5555358063878657     
   9.7499997820705175        4.8079752163989191     
   9.7599997818470001        4.0991088338121067     
   9.7699997816234827        3.4340381997261531     
   9.7799997813999653        2.8175496677567651     
   9.7899997811764479        2.2540799577992483     
   9.7999997809529305        1.7476842260210399     
   9.8099997807294130        1.3020068808767482     
   9.8199997805058956       0.92025535517582358     
   9.8299997802823782       0.60517702295899667     
   9.8399997800588608       0.35903942730717486     
   9.8499997798353434       0.18361396137851221     
   9.8599997796118259        8.0163120117306710E-002
   9.8699997793883085        4.9431414381113821E-002
   9.8799997791647911        9.1640012874922877E-002
   9.8899997789412737       0.20648515045310778     
   9.8999997787177563       0.39314031424422174     
   9.9099997784942389       0.65026219186561851     
   9.9199997782707214       0.97600033892003324     
   9.9299997780472040        1.3680104961994644     
   9.9399997778236866        1.8234714607556477     
   9.9499997776001692        2.3391053894200713     
   9.9599997773766518        2.9112013886539843     
   9.9699997771531343        3.5356422209579015     
   9.9799997769296169        4.2079339356410079     
   9.9899997767060995        4.9232382107049126     
   9.9999997764825821        5.6764071730849928     
