   1.0000000000000000        1.2186077422239009E-004
   1.1000000014901161        1.4827254017658973E-004
   1.2000000029802322        1.7884210416457044E-004
   1.3000000044703484        2.1433929052748168E-004
   1.4000000059604645        2.5509764601992221E-004
   1.5000000074505806        3.0194663161983612E-004
   1.6000000089406967        3.5569125248577355E-004
   1.7000000104308128        4.1719240104310274E-004
   1.8000000119209290        4.8748105377232920E-004
   1.9000000134110451        5.6762836542977990E-004
   2.0000000149011612        6.5896160735919463E-004
   2.1000000163912773        7.6267891262061670E-004
   2.2000000178813934        8.8042651988837358E-004
   2.3000000193715096        1.0138573822170930E-003
   2.4000000208616257        1.1649187420097772E-003
   2.5000000223517418        1.3357038936174545E-003
   2.6000000238418579        1.5284117360673301E-003
   2.7000000253319740        1.7457166760270109E-003
   2.8000000268220901        1.9904633790020654E-003
   2.9000000283122063        2.2658135535544629E-003
   3.0000000298023224        2.5751531045172006E-003
   3.1000000312924385        2.9223926094369321E-003
   3.2000000327825546        3.3117144890150718E-003
   3.3000000342726707        3.7477545450335750E-003
   3.4000000357627869        4.2358348996135026E-003
   3.5000000372529030        4.7811136997680196E-003
   3.6000000387430191        5.3906927907781017E-003
   3.7000000402331352        6.0696248386682417E-003
   3.8000000417232513        6.8267051252258546E-003
   3.9000000432133675        7.6697743649708954E-003
   4.0000000447034836        8.6067894518477312E-003
   4.1000000461935997        9.6499847669548437E-003
   4.2000000476837158        1.0806965119613814E-002
   4.3000000491738319        1.2089249937613226E-002
   4.4000000506639481        1.3512450023729387E-002
   4.5000000521540642        1.5087121189051386E-002
   4.6000000536441803        1.6828839193965866E-002
   4.7000000551342964        1.8752852655151968E-002
   4.8000000566244125        2.0876694461920042E-002
   4.9000000581145287        2.3218362206516831E-002
   5.0000000596046448        2.5797135612772013E-002
   5.1000000610947609        2.8634413251776195E-002
   5.2000000625848770        3.1751937660288103E-002
   5.3000000640749931        3.5175074626515618E-002
   5.4000000655651093        3.8923150378163754E-002
   5.5000000670552254        4.3031033028645471E-002
   5.6000000685453415        4.7519871812596391E-002
   5.7000000700354576        5.2411864716006749E-002
   5.8000000715255737        5.7761532388443344E-002
   5.9000000730156898        6.3574972542397343E-002
   6.0000000745058060        6.9889768733036123E-002
   6.1000000759959221        7.6749555696052699E-002
   6.2000000774860382        8.4162816593349191E-002
   6.3000000789761543        9.2193968455579756E-002
   6.4000000804662704       0.10082981892619282     
   6.5000000819563866       0.11016221050862721     
   6.6000000834465027       0.12014438188785810     
   6.7000000849366188       0.13089331689777378     
   6.8000000864267349       0.14231890846501591     
   6.9000000879168510       0.15455625780156890     
   7.0000000894069672       0.16754513382608838     
   7.1000000908970833       0.18131191795299259     
   7.2000000923871994       0.19592832118205078     
   7.3000000938773155       0.21135552056890655     
   7.4000000953674316       0.22752154476896988     
   7.5000000968575478       0.24444915442145093     
   7.6000000983476639       0.26215549469775712     
   7.7000000998377800       0.28056597889329843     
   7.8000001013278961       0.29963699763330931     
   7.9000001028180122       0.31937382695486660     
   8.0000001043081284       0.33964426623247912     
   8.1000001057982445       0.36046602943122885     
   8.2000001072883606       0.38171129626593253     
   8.3000001087784767       0.40330132408227526     
   8.4000001102685928       0.42521428020177282     
   8.5000001117587090       0.44731471323518113     
   8.6000001132488251       0.46952968220780816     
   8.7000001147389412       0.49177038404069262     
   8.8000001162290573       0.51394773387015702     
   8.9000001177191734       0.53597582956163414     
   9.0000001192092896       0.55780045652381838     
   9.1000001206994057       0.57929970202404035     
   9.2000001221895218       0.60041927194133560     
   9.3000001236796379       0.62111269542505076     
   9.4000001251697540       0.64127228587591067     
   9.5000001266598701       0.66088375099402674     
   9.6000001281499863       0.67989602854975462     
   9.7000001296401024       0.69824118008569080     
   9.8000001311302185       0.71586174529162583     
   9.9000001326203346       0.73290464909687159     
   10.000000134110451       0.74916950648355485     
   10.100000135600567       0.76470884849802090     
   10.200000137090683       0.77951179168175244     
   10.300000138580799       0.79358567640659539     
   10.400000140070915       0.80694277050314966     
   10.500000141561031       0.81958552813232699     
   10.600000143051147       0.83154372245731123     
   10.700000144541264       0.84279715819524681     
   10.800000146031380       0.85341973468447596     
   10.900000147521496       0.86339241971883085     
   11.000000149011612       0.87279207135236614     
   11.100000150501728       0.88154745081116082     
   11.200000151991844       0.88977940454776894     
   11.300000153481960       0.89748335600614115     
   11.400000154972076       0.90466418509211743     
   11.500000156462193       0.91136866257917848     
   11.600000157952309       0.91765177088228722     
   11.700000159442425       0.92352195385957603     
   11.800000160932541       0.92893412216913762     
   11.900000162422657       0.93400516626197683     
   12.000000163912773       0.93870924204110917     
   12.100000165402889       0.94307598310556584     
   12.200000166893005       0.94716136582652444     
   12.300000168383121       0.95098150129700165     
   12.400000169873238       0.95450939306651150     
   12.500000171363354       0.95778147996242968     
   12.600000172853470       0.96079896270566312     
   12.700000174343586       0.96358908987941749     
   12.800000175833702       0.96620671546841985     
   12.900000177323818       0.96869091263744267     
   13.000000178813934       0.97093797850263874     
   13.100000180304050       0.97299188700795924     
   13.200000181794167       0.97494538990629664     
   13.300000183284283       0.97678188554669099     
   13.400000184774399       0.97840947940331002     
   13.500000186264515       0.97993964964342306     
   13.600000187754631       0.98141514593392176     
   13.700000189244747       0.98271493668570309     
   13.800000190734863       0.98392782701915182     
   13.900000192224979       0.98510232368811723     
   14.000000193715096       0.98616374683521213     
